 4002.00 9.133413E-17 
 4004.00 2.959975E-17 
 4006.00 7.284892E-17 
 4008.00 3.415281E-17 
 4010.00 6.509800E-17 
 4012.00 6.505900E-17 
 4014.00 5.806367E-17 
 4016.00 4.113839E-17 
 4018.00 5.218467E-17 
 4020.00 6.336257E-17 
 4022.00 4.477011E-17 
 4024.00 5.429546E-17 
 4026.00 5.724958E-17 
 4028.00 5.281352E-17 
 4030.00 4.737325E-17 
 4032.00 5.508517E-17 
 4034.00 5.483169E-17 
 4036.00 6.385981E-17 
 4038.00 6.151990E-17 
 4040.00 6.588772E-17 
 4042.00 6.948532E-17 
 4044.00 5.254053E-17 
 4046.00 9.749588E-17 
 4048.00 7.672926E-17 
 4050.00 5.135108E-17 
 4052.00 4.516984E-17 
 4054.00 7.609554E-17 
 4056.00 6.079843E-17 
 4058.00 5.482681E-17 
 4060.00 5.120971E-17 
 4062.00 5.925799E-17 
 4064.00 9.204586E-17 
 4066.00 5.678161E-17 
 4068.00 4.476036E-17 
 4070.00 8.989120E-17 
 4072.00 5.414921E-17 
 4074.00 4.480423E-17 
 4076.00 6.414254E-17 
 4078.00 7.027503E-17 
 4080.00 6.779376E-17 
 4082.00 6.989967E-17 
 4084.00 4.856270E-17 
 4086.00 2.988249E-17 
 4088.00 4.880644E-17 
 4090.00 3.704843E-17 
 4092.00 9.291357E-17 
 4094.00 6.559522E-17 
 4096.00 3.509364E-17 
 4098.00 3.082332E-17 
 4100.00 4.066554E-17 
 4102.00 6.095930E-17 
 4104.00 6.883209E-17 
 4106.00 8.442168E-17 
 4108.00 5.067836E-17 
 4110.00 7.773346E-17 
 4112.00 5.563115E-17 
 4114.00 5.152657E-17 
 4116.00 7.338515E-17 
 4118.00 3.897886E-17 
 4120.00 4.079228E-17 
 4122.00 4.460924E-17 
 4124.00 6.755489E-17 
 4126.00 7.818194E-17 
 4128.00 7.282942E-17 
 4130.00 6.669694E-17 
 4132.00 6.958281E-17 
 4134.00 4.407789E-17 
 4136.00 7.133774E-17 
 4138.00 6.697967E-17 
 4140.00 6.484939E-17 
 4142.00 4.832871E-17 
 4144.00 4.653478E-17 
 4146.00 6.211950E-17 
 4148.00 4.922567E-17 
 4150.00 5.789305E-17 
 4152.00 4.510159E-17 
 4154.00 5.976497E-17 
 4156.00 6.211463E-17 
 4158.00 8.542589E-17 
 4160.00 6.832511E-17 
 4162.00 6.900758E-17 
 4164.00 6.684317E-17 
 4166.00 6.190014E-17 
 4168.00 6.526374E-17 
 4170.00 4.940116E-17 
 4172.00 7.398962E-17 
 4174.00 5.268677E-17 
 4176.00 5.346674E-17 
 4178.00 6.078868E-17 
 4180.00 6.498443E-17 
 4182.00 6.764752E-17 
 4184.00 6.783763E-17 
 4186.00 6.804725E-17 
 4188.00 6.401580E-17 
 4190.00 4.900143E-17 
 4192.00 5.848777E-17 
 4194.00 7.739222E-17 
 4196.00 7.583229E-17 
 4198.00 6.482501E-17 
 4200.00 4.312243E-17 
 4202.00 5.586027E-17 
 4204.00 5.051749E-17 
 4206.00 5.468057E-17 
 4208.00 6.911484E-17 
 4210.00 7.530094E-17 
 4212.00 5.688884E-17 
 4214.00 5.461719E-17 
 4216.00 4.272269E-17 
 4218.00 6.172464E-17 
 4220.00 6.716491E-17 
 4222.00 7.822094E-17 
 4224.00 6.060831E-17 
 4226.00 4.302981E-17 
 4228.00 4.226934E-17 
 4230.00 6.052544E-17 
 4232.00 5.222854E-17 
 4234.00 6.315783E-17 
 4236.00 6.072044E-17 
 4238.00 5.987222E-17 
 4240.00 5.010313E-17 
 4242.00 7.475009E-17 
 4244.00 6.844211E-17 
 4246.00 6.978755E-17 
 4248.00 6.176364E-17 
 4250.00 6.489813E-17 
 4252.00 6.555136E-17 
 4254.00 6.042795E-17 
 4256.00 6.145165E-17 
 4258.00 8.092158E-17 
 4260.00 4.776323E-17 
 4262.00 3.428930E-17 
 4264.00 6.773039E-17 
 4266.00 4.460436E-17 
 4268.00 6.179289E-17 
 4270.00 6.061319E-17 
 4272.00 5.967235E-17 
 4274.00 6.758414E-17 
 4276.00 7.129873E-17 
 4278.00 7.472084E-17 
 4280.00 6.322608E-17 
 4282.00 7.267343E-17 
 4284.00 7.282942E-17 
 4286.00 5.241379E-17 
 4288.00 5.195556E-17 
 4290.00 5.304751E-17 
 4292.00 5.256978E-17 
 4294.00 3.974907E-17 
 4296.00 4.123101E-17 
 4298.00 5.823428E-17 
 4300.00 4.926467E-17 
 4302.00 5.164357E-17 
 4304.00 4.311268E-17 
 4306.00 5.567990E-17 
 4308.00 5.976010E-17 
 4310.00 6.138828E-17 
 4312.00 7.167409E-17 
 4314.00 7.548131E-17 
 4316.00 5.383723E-17 
 4318.00 4.469212E-17 
 4320.00 4.725625E-17 
 4322.00 7.957614E-17 
 4324.00 3.250513E-17 
 4326.00 5.789305E-17 
 4328.00 3.898860E-17 
 4330.00 4.244483E-17 
 4332.00 5.544103E-17 
 4334.00 6.703816E-17 
 4336.00 5.422233E-17 
 4338.00 5.278427E-17 
 4340.00 5.099034E-17 
 4342.00 4.047054E-17 
 4344.00 5.656711E-17 
 4346.00 4.886494E-17 
 4348.00 5.534841E-17 
 4350.00 5.995510E-17 
 4352.00 5.049800E-17 
 4354.00 3.456229E-17 
 4356.00 3.489378E-17 
 4358.00 7.709974E-17 
 4360.00 4.723675E-17 
 4362.00 7.258569E-17 
 4364.00 6.402555E-17 
 4366.00 8.520165E-17 
 4368.00 4.696376E-17 
 4370.00 6.423028E-17 
 4372.00 6.346982E-17 
 4374.00 5.781018E-17 
 4376.00 5.667435E-17 
 4378.00 6.145165E-17 
 4380.00 7.638802E-17 
 4382.00 5.878026E-17 
 4384.00 6.400604E-17 
 4386.00 8.201353E-17 
 4388.00 8.340772E-17 
 4390.00 6.374974E-17 
 4392.00 6.349419E-17 
 4394.00 7.143523E-17 
 4396.00 6.837874E-17 
 4398.00 5.466106E-17 
 4400.00 5.532892E-17 
 4402.00 8.312499E-17 
 4404.00 6.076919E-17 
 4406.00 5.706434E-17 
 4408.00 8.685908E-17 
 4410.00 7.000205E-17 
 4412.00 7.267343E-17 
 4414.00 6.103729E-17 
 4416.00 6.919283E-17 
 4418.00 6.146140E-17 
 4420.00 5.569940E-17 
 4422.00 4.267395E-17 
 4424.00 5.412971E-17 
 4426.00 7.420411E-17 
 4428.00 6.508825E-17 
 4430.00 8.965721E-17 
 4432.00 6.778889E-17 
 4434.00 5.768344E-17 
 4436.00 6.168564E-17 
 4438.00 6.955844E-17 
 4440.00 7.896191E-17 
 4442.00 6.687242E-17 
 4444.00 6.238761E-17 
 4446.00 6.916358E-17 
 4448.00 5.235529E-17 
 4450.00 6.427903E-17 
 4452.00 6.174414E-17 
 4454.00 6.540511E-17 
 4456.00 6.714541E-17 
 4458.00 6.533686E-17 
 4460.00 6.845186E-17 
 4462.00 4.817271E-17 
 4464.00 5.686934E-17 
 4466.00 5.873151E-17 
 4468.00 5.139008E-17 
 4470.00 5.123408E-17 
 4472.00 6.689192E-17 
 4474.00 4.810447E-17 
 4476.00 5.088797E-17 
 4478.00 6.083256E-17 
 4480.00 6.975830E-17 
 4482.00 6.595596E-17 
 4484.00 6.363556E-17 
 4486.00 5.338874E-17 
 4488.00 6.776939E-17 
 4490.00 4.993739E-17 
 4492.00 6.284584E-17 
 4494.00 7.071864E-17 
 4496.00 6.293847E-17 
 4498.00 7.202021E-17 
 4500.00 6.752565E-17 
 4502.00 6.610220E-17 
 4504.00 6.563423E-17 
 4506.00 7.202995E-17 
 4508.00 5.411021E-17 
 4510.00 5.922875E-17 
 4512.00 6.761339E-17 
 4514.00 5.465619E-17 
 4516.00 6.155890E-17 
 4518.00 6.151015E-17 
 4520.00 7.560318E-17 
 4522.00 8.431443E-17 
 4524.00 6.668719E-17 
 4526.00 5.428571E-17 
 4528.00 5.603088E-17 
 4530.00 6.442527E-17 
 4532.00 8.384645E-17 
 4534.00 7.777247E-17 
 4536.00 7.015804E-17 
 4538.00 7.615403E-17 
 4540.00 8.552339E-17 
 4542.00 7.138160E-17 
 4544.00 6.922207E-17 
 4546.00 9.105140E-17 
 4548.00 5.909225E-17 
 4550.00 5.749331E-17 
 4552.00 6.075943E-17 
 4554.00 5.459769E-17 
 4556.00 6.877847E-17 
 4558.00 7.243944E-17 
 4560.00 7.513033E-17 
 4562.00 6.774988E-17 
 4564.00 5.323763E-17 
 4566.00 6.103242E-17 
 4568.00 6.915383E-17 
 4570.00 4.934266E-17 
 4572.00 5.648911E-17 
 4574.00 7.776271E-17 
 4576.00 5.962848E-17 
 4578.00 7.350214E-17 
 4580.00 7.276118E-17 
 4582.00 7.881567E-17 
 4584.00 8.053159E-17 
 4586.00 6.453252E-17 
 4588.00 7.757746E-17 
 4590.00 7.378488E-17 
 4592.00 7.146448E-17 
 4594.00 6.216337E-17 
 4596.00 7.004104E-17 
 4598.00 6.533686E-17 
 4600.00 7.179110E-17 
 4602.00 8.263751E-17 
 4604.00 7.759697E-17 
 4606.00 5.830742E-17 
 4608.00 8.752205E-17 
 4610.00 9.702790E-17 
 4612.00 8.926723E-17 
 4614.00 9.544846E-17 
 4616.00 8.320298E-17 
 4618.00 7.867917E-17 
 4620.00 7.900091E-17 
 4622.00 6.538561E-17 
 4624.00 7.038227E-17 
 4626.00 8.246689E-17 
 4628.00 7.905941E-17 
 4630.00 7.628078E-17 
 4632.00 6.716491E-17 
 4634.00 8.248152E-17 
 4636.00 7.875717E-17 
 4638.00 7.843543E-17 
 4640.00 8.267163E-17 
 4642.00 8.084359E-17 
 4644.00 7.817220E-17 
 4646.00 7.851831E-17 
 4648.00 6.329433E-17 
 4650.00 7.722650E-17 
 4652.00 7.803570E-17 
 4654.00 6.165640E-17 
 4656.00 8.524064E-17 
 4658.00 7.200071E-17 
 4660.00 8.649834E-17 
 4662.00 8.529914E-17 
 4664.00 9.553134E-17 
 4666.00 9.757875E-17 
 4668.00 6.360631E-17 
 4670.00 1.146552E-16 
 4672.00 9.592619E-17 
 4674.00 7.844518E-17 
 4676.00 8.414869E-17 
 4678.00 9.122690E-17 
 4680.00 7.835744E-17 
 4682.00 6.891496E-17 
 4684.00 6.023783E-17 
 4686.00 8.264238E-17 
 4688.00 9.783711E-17 
 4690.00 8.845801E-17 
 4692.00 7.311216E-17 
 4694.00 7.081125E-17 
 4696.00 1.018832E-16 
 4698.00 1.001283E-16 
 4700.00 8.166255E-17 
 4702.00 8.146756E-17 
 4704.00 8.497741E-17 
 4706.00 7.847443E-17 
 4708.00 7.052364E-17 
 4710.00 7.202021E-17 
 4712.00 8.973521E-17 
 4714.00 8.113607E-17 
 4716.00 6.350881E-17 
 4718.00 8.497741E-17 
 4720.00 7.961026E-17 
 4722.00 7.301953E-17 
 4724.00 7.444297E-17 
 4726.00 7.159122E-17 
 4728.00 6.362581E-17 
 4730.00 7.623203E-17 
 4732.00 6.417179E-17 
 4734.00 7.782120E-17 
 4736.00 6.952431E-17 
 4738.00 6.132491E-17 
 4740.00 8.755130E-17 
 4742.00 6.656532E-17 
 4744.00 7.261981E-17 
 4746.00 8.526502E-17 
 4748.00 8.737580E-17 
 4750.00 5.733733E-17 
 4752.00 7.006054E-17 
 4754.00 6.594621E-17 
 4756.00 7.129873E-17 
 4758.00 8.510415E-17 
 4760.00 7.303416E-17 
 4762.00 6.973880E-17 
 4764.00 8.100933E-17 
 4766.00 8.786328E-17 
 4768.00 7.725573E-17 
 4770.00 6.618021E-17 
 4772.00 6.301159E-17 
 4774.00 7.397987E-17 
 4776.00 5.997947E-17 
 4778.00 6.228037E-17 
 4780.00 7.383363E-17 
 4782.00 7.046515E-17 
 4784.00 7.084539E-17 
 4786.00 7.292692E-17 
 4788.00 7.108425E-17 
 4790.00 6.715516E-17 
 4792.00 5.575789E-17 
 4794.00 7.530581E-17 
 4796.00 6.011596E-17 
 4798.00 6.776939E-17 
 4800.00 7.556906E-17 
 4802.00 6.673593E-17 
 4804.00 6.487376E-17 
 4806.00 7.924465E-17 
 4808.00 7.412125E-17 
 4810.00 7.361914E-17 
 4812.00 6.398654E-17 
 4814.00 6.809112E-17 
 4816.00 6.868585E-17 
 4818.00 5.492918E-17 
 4820.00 6.261186E-17 
 4822.00 8.397808E-17 
 4824.00 7.329253E-17 
 4826.00 7.286355E-17 
 4828.00 7.438936E-17 
 4830.00 7.008491E-17 
 4832.00 7.104525E-17 
 4834.00 7.775296E-17 
 4836.00 8.047310E-17 
 4838.00 8.107757E-17 
 4840.00 7.447710E-17 
 4842.00 7.338027E-17 
 4844.00 6.630207E-17 
 4846.00 7.142061E-17 
 4848.00 7.471109E-17 
 4850.00 8.038048E-17 
 4852.00 8.320298E-17 
 4854.00 7.475009E-17 
 4856.00 7.854268E-17 
 4858.00 6.431803E-17 
 4860.00 6.034021E-17 
 4862.00 7.963464E-17 
 4864.00 7.883029E-17 
 4866.00 8.177955E-17 
 4868.00 6.908558E-17 
 4870.00 7.263930E-17 
 4872.00 7.823069E-17 
 4874.00 8.518215E-17 
 4876.00 7.100624E-17 
 4878.00 8.819477E-17 
 4880.00 8.076558E-17 
 4882.00 7.474035E-17 
 4884.00 8.744406E-17 
 4886.00 9.250408E-17 
 4888.00 8.796566E-17 
 4890.00 8.199890E-17 
 4892.00 7.592004E-17 
 4894.00 8.416819E-17 
 4896.00 6.524424E-17 
 4898.00 9.535098E-17 
 4900.00 9.740813E-17 
 4902.00 8.825327E-17 
 4904.00 9.256746E-17 
 4906.00 9.544846E-17 
 4908.00 9.531684E-17 
 4910.00 8.711257E-17 
 4912.00 8.792179E-17 
 4914.00 9.063217E-17 
 4916.00 8.665434E-17 
 4918.00 1.033456E-16 
 4920.00 9.016418E-17 
 4922.00 9.270883E-17 
 4924.00 9.288920E-17 
 4926.00 9.206048E-17 
 4928.00 8.791204E-17 
 4930.00 8.408044E-17 
 4932.00 9.485374E-17 
 4934.00 1.032481E-16 
 4936.00 8.964746E-17 
 4938.00 8.658609E-17 
 4940.00 9.627718E-17 
 4942.00 9.397627E-17 
 4944.00 9.642830E-17 
 4946.00 9.172900E-17 
 4948.00 8.935010E-17 
 4950.00 9.298669E-17 
 4952.00 8.593286E-17 
 4954.00 9.406402E-17 
 4956.00 1.042231E-16 
 4958.00 8.561113E-17 
 4960.00 1.223573E-16 
 4962.00 1.295720E-16 
 4964.00 1.122178E-16 
 4966.00 1.074892E-16 
 4968.00 1.016395E-16 
 4970.00 9.719364E-17 
 4972.00 8.980833E-17 
 4974.00 1.015907E-16 
 4976.00 8.155530E-17 
 4978.00 1.012982E-16 
 4980.00 9.410302E-17 
 4982.00 8.849701E-17 
 4984.00 8.760005E-17 
 4986.00 9.526322E-17 
 4988.00 9.559471E-17 
 4990.00 9.989427E-17 
 4992.00 9.621869E-17 
 4994.00 9.631618E-17 
 4996.00 8.515290E-17 
 4998.00 1.022732E-16 
 5000.00 6.603395E-17 
 5002.00 7.570555E-17 
 5004.00 9.077354E-17 
 5006.00 8.191604E-17 
 5008.00 8.057059E-17 
 5010.00 8.662022E-17 
 5012.00 9.016906E-17 
 5014.00 9.983578E-17 
 5016.00 7.164972E-17 
 5018.00 8.163330E-17 
 5020.00 9.098316E-17 
 5022.00 9.213360E-17 
 5024.00 8.003436E-17 
 5026.00 8.507003E-17 
 5028.00 8.239864E-17 
 5030.00 7.850856E-17 
 5032.00 8.381721E-17 
 5034.00 9.549721E-17 
 5036.00 8.707357E-17 
 5038.00 9.018369E-17 
 5040.00 7.927390E-17 
 5042.00 7.704125E-17 
 5044.00 9.673540E-17 
 5046.00 9.109039E-17 
 5048.00 7.254668E-17 
 5050.00 7.748972E-17 
 5052.00 8.439730E-17 
 5054.00 8.368071E-17 
 5056.00 9.310856E-17 
 5058.00 8.429494E-17 
 5060.00 1.021757E-16 
 5062.00 9.299157E-17 
 5064.00 8.957434E-17 
 5066.00 8.433393E-17 
 5068.00 8.382208E-17 
 5070.00 1.003135E-16 
 5072.00 1.002550E-16 
 5074.00 8.158455E-17 
 5076.00 8.593286E-17 
 5078.00 8.674209E-17 
 5080.00 9.266984E-17 
 5082.00 8.116532E-17 
 5084.00 7.986375E-17 
 5086.00 9.054930E-17 
 5088.00 8.769754E-17 
 5090.00 8.383183E-17 
 5092.00 8.703457E-17 
 5094.00 9.686217E-17 
 5096.00 8.889674E-17 
 5098.00 9.502924E-17 
 5100.00 9.827584E-17 
 5102.00 7.360939E-17 
 5104.00 8.931109E-17 
 5106.00 9.782736E-17 
 5108.00 9.665742E-17 
 5110.00 9.405427E-17 
 5112.00 9.722289E-17 
 5114.00 8.981321E-17 
 5116.00 1.053930E-16 
 5118.00 9.141214E-17 
 5120.00 8.468492E-17 
 5122.00 9.016418E-17 
 5124.00 9.481962E-17 
 5126.00 9.564833E-17 
 5128.00 1.020831E-16 
 5130.00 9.337668E-17 
 5132.00 9.558241E-17 
 5134.00 8.176979E-17 
 5136.00 8.020986E-17 
 5138.00 7.290741E-17 
 5140.00 8.178929E-17 
 5142.00 8.964746E-17 
 5144.00 8.898936E-17 
 5146.00 7.462822E-17 
 5148.00 7.524732E-17 
 5150.00 8.031711E-17 
 5152.00 8.160405E-17 
 5154.00 8.871150E-17 
 5156.00 8.813627E-17 
 5158.00 7.628078E-17 
 5160.00 7.425286E-17 
 5162.00 7.555931E-17 
 5164.00 8.691757E-17 
 5166.00 8.811677E-17 
 5168.00 9.606756E-17 
 5170.00 8.369534E-17 
 5172.00 8.487017E-17 
 5174.00 9.367404E-17 
 5176.00 9.778837E-17 
 5178.00 1.013957E-16 
 5180.00 8.841902E-17 
 5182.00 1.092929E-16 
 5184.00 9.265521E-17 
 5186.00 8.693220E-17 
 5188.00 8.610836E-17 
 5190.00 7.999050E-17 
 5192.00 7.659277E-17 
 5194.00 9.412253E-17 
 5196.00 9.035919E-17 
 5198.00 8.470441E-17 
 5200.00 1.193350E-16 
 5202.00 8.539664E-17 
 5204.00 9.954329E-17 
 5206.00 8.687370E-17 
 5208.00 8.412432E-17 
 5210.00 8.457280E-17 
 5212.00 9.643318E-17 
 5214.00 9.441501E-17 
 5216.00 1.090979E-16 
 5218.00 9.512674E-17 
 5220.00 9.274782E-17 
 5222.00 9.328406E-17 
 5224.00 9.684753E-17 
 5226.00 9.520960E-17 
 5228.00 9.647705E-17 
 5230.00 9.063705E-17 
 5232.00 9.645267E-17 
 5234.00 9.973829E-17 
 5236.00 8.388545E-17 
 5238.00 8.725882E-17 
 5240.00 1.028581E-16 
 5242.00 8.989120E-17 
 5244.00 8.061447E-17 
 5246.00 8.258389E-17 
 5248.00 9.324506E-17 
 5250.00 8.414869E-17 
 5252.00 1.131927E-16 
 5254.00 1.085129E-16 
 5256.00 9.065166E-17 
 5258.00 1.072455E-16 
 5260.00 9.309881E-17 
 5262.00 8.690782E-17 
 5264.00 8.973521E-17 
 5266.00 1.033944E-16 
 5268.00 9.139751E-17 
 5270.00 8.874076E-17 
 5272.00 8.335898E-17 
 5274.00 9.066141E-17 
 5276.00 1.063680E-16 
 5278.00 1.112428E-16 
 5280.00 9.311831E-17 
 5282.00 1.036869E-16 
 5284.00 8.756104E-17 
 5286.00 8.736606E-17 
 5288.00 1.122178E-16 
 5290.00 1.144114E-16 
 5292.00 1.194325E-16 
 5294.00 9.659891E-17 
 5296.00 9.744713E-17 
 5298.00 9.035919E-17 
 5300.00 9.355705E-17 
 5302.00 1.040281E-16 
 5304.00 1.069530E-16 
 5306.00 1.126565E-16 
 5308.00 1.022781E-16 
 5310.00 1.010594E-16 
 5312.00 8.188680E-17 
 5314.00 1.104628E-16 
 5316.00 1.065630E-16 
 5318.00 9.175337E-17 
 5320.00 9.228961E-17 
 5322.00 8.341747E-17 
 5324.00 9.070041E-17 
 5326.00 9.844646E-17 
 5328.00 9.908019E-17 
 5330.00 1.016882E-16 
 5332.00 1.200174E-16 
 5334.00 1.044181E-16 
 5336.00 9.461975E-17 
 5338.00 7.709974E-17 
 5340.00 9.665742E-17 
 5342.00 1.176775E-16 
 5344.00 1.059634E-16 
 5346.00 9.475625E-17 
 5348.00 1.020343E-16 
 5350.00 1.005098E-16 
 5352.00 8.705702E-17 
 5354.00 1.027738E-16 
 5356.00 9.049236E-17 
 5358.00 8.492107E-17 
 5360.00 1.065672E-16 
 5362.00 1.183458E-16 
 5364.00 1.156159E-16 
 5366.00 1.098234E-16 
 5368.00 9.902042E-17 
 5370.00 1.058114E-16 
 5372.00 1.097494E-16 
 5374.00 1.018748E-16 
 5376.00 9.270697E-17 
 5378.00 7.885389E-17 
 5380.00 7.897088E-17 
 5382.00 1.176607E-16 
 5384.00 9.496629E-17 
 5386.00 9.389050E-17 
 5388.00 1.027344E-16 
 5390.00 1.078807E-16 
 5392.00 1.021336E-16 
 5394.00 1.100632E-16 
 5396.00 1.029753E-16 
 5398.00 1.018455E-16 
 5400.00 9.448536E-17 
 5402.00 9.239777E-17 
 5404.00 8.824196E-17 
 5406.00 9.165278E-17 
 5408.00 1.065216E-16 
 5410.00 8.192013E-17 
 5412.00 7.805844E-17 
 5414.00 1.079228E-16 
 5416.00 1.073976E-16 
 5418.00 1.108714E-16 
 5420.00 1.095405E-16 
 5422.00 1.046157E-16 
 5424.00 1.121181E-16 
 5426.00 9.715439E-17 
 5428.00 1.019235E-16 
 5430.00 1.000484E-16 
 5432.00 1.068501E-16 
 5434.00 1.141615E-16 
 5436.00 1.118715E-16 
 5438.00 1.014465E-16 
 5440.00 9.883396E-17 
 5442.00 9.457718E-17 
 5444.00 1.029827E-16 
 5446.00 8.401902E-17 
 5448.00 9.449500E-17 
 5450.00 1.047137E-16 
 5452.00 9.199569E-17 
 5454.00 7.956994E-17 
 5456.00 9.249903E-17 
 5458.00 1.172472E-16 
 5460.00 9.942686E-17 
 5462.00 1.052050E-16 
 5464.00 9.581658E-17 
 5466.00 9.683337E-17 
 5468.00 1.124179E-16 
 5470.00 1.011541E-16 
 5472.00 1.064543E-16 
 5474.00 9.835504E-17 
 5476.00 9.339731E-17 
 5478.00 8.379432E-17 
 5480.00 9.546584E-17 
 5482.00 1.059431E-16 
 5484.00 1.050223E-16 
 5486.00 1.004508E-16 
 5488.00 8.230175E-17 
 5490.00 9.483087E-17 
 5492.00 1.089320E-16 
 5494.00 1.188337E-16 
 5496.00 1.043438E-16 
 5498.00 9.263667E-17 
 5500.00 9.386688E-17 
 5502.00 9.622762E-17 
 5504.00 1.072613E-16 
 5506.00 1.227377E-16 
 5508.00 1.153190E-16 
 5510.00 1.027090E-16 
 5512.00 9.623325E-17 
 5514.00 9.829296E-17 
 5516.00 9.847448E-17 
 5518.00 1.013288E-16 
 5520.00 1.064994E-16 
 5522.00 9.206525E-17 
 5524.00 8.734906E-17 
 5526.00 9.204939E-17 
 5528.00 9.293849E-17 
 5530.00 9.104646E-17 
 5532.00 1.048688E-16 
 5534.00 1.139011E-16 
 5536.00 9.732455E-17 
 5538.00 9.343994E-17 
 5540.00 9.516582E-17 
 5542.00 9.921036E-17 
 5544.00 1.042115E-16 
 5546.00 1.117633E-16 
 5548.00 1.098517E-16 
 5550.00 7.752964E-17 
 5552.00 9.108274E-17 
 5554.00 1.026749E-16 
 5556.00 9.426723E-17 
 5558.00 9.345653E-17 
 5560.00 9.564450E-17 
 5562.00 1.007518E-16 
 5564.00 1.108689E-16 
 5566.00 1.193331E-16 
 5568.00 9.858301E-17 
 5570.00 9.733354E-17 
 5572.00 1.198998E-16 
 5574.00 1.206755E-16 
 5576.00 1.111250E-16 
 5578.00 1.008037E-16 
 5580.00 1.062500E-16 
 5582.00 1.020944E-16 
 5584.00 1.195546E-16 
 5586.00 1.212355E-16 
 5588.00 1.170521E-16 
 5590.00 1.114042E-16 
 5592.00 1.103624E-16 
 5594.00 1.176165E-16 
 5596.00 1.198117E-16 
 5598.00 1.102228E-16 
 5600.00 1.004472E-16 
 5602.00 1.144755E-16 
 5604.00 1.070931E-16 
 5606.00 1.036212E-16 
 5608.00 1.053781E-16 
 5610.00 1.084517E-16 
 5612.00 1.044950E-16 
 5614.00 1.011341E-16 
 5616.00 1.122323E-16 
 5618.00 9.757193E-17 
 5620.00 9.787832E-17 
 5622.00 1.102064E-16 
 5624.00 1.184329E-16 
 5626.00 1.078481E-16 
 5628.00 1.221104E-16 
 5630.00 1.032775E-16 
 5632.00 1.042887E-16 
 5634.00 1.109003E-16 
 5636.00 1.119845E-16 
 5638.00 1.143366E-16 
 5640.00 1.182936E-16 
 5642.00 1.092592E-16 
 5644.00 1.024824E-16 
 5646.00 1.193278E-16 
 5648.00 1.152340E-16 
 5650.00 8.975446E-17 
 5652.00 9.184857E-17 
 5654.00 1.022874E-16 
 5656.00 1.092331E-16 
 5658.00 1.066220E-16 
 5660.00 1.044830E-16 
 5662.00 8.125608E-17 
 5664.00 1.035697E-16 
 5666.00 1.155219E-16 
 5668.00 9.766750E-17 
 5670.00 9.041343E-17 
 5672.00 9.966859E-17 
 5674.00 9.012429E-17 
 5676.00 1.057513E-16 
 5678.00 1.149199E-16 
 5680.00 1.191284E-16 
 5682.00 9.668921E-17 
 5684.00 9.488996E-17 
 5686.00 9.950576E-17 
 5688.00 1.038703E-16 
 5690.00 1.022210E-16 
 5692.00 1.037724E-16 
 5694.00 9.484415E-17 
 5696.00 8.546671E-17 
 5698.00 1.091113E-16 
 5700.00 1.125387E-16 
 5702.00 1.076776E-16 
 5704.00 1.021323E-16 
 5706.00 1.049556E-16 
 5708.00 1.055876E-16 
 5710.00 1.002409E-16 
 5712.00 1.074616E-16 
 5714.00 1.008122E-16 
 5716.00 1.092778E-16 
 5718.00 1.180713E-16 
 5720.00 1.126047E-16 
 5722.00 9.984501E-17 
 5724.00 1.072698E-16 
 5726.00 1.102706E-16 
 5728.00 9.919429E-17 
 5730.00 1.018538E-16 
 5732.00 9.437188E-17 
 5734.00 9.165220E-17 
 5736.00 9.997877E-17 
 5738.00 9.960507E-17 
 5740.00 9.768567E-17 
 5742.00 1.131985E-16 
 5744.00 1.042619E-16 
 5746.00 1.083627E-16 
 5748.00 1.075078E-16 
 5750.00 1.101585E-16 
 5752.00 1.222934E-16 
 5754.00 1.256873E-16 
 5756.00 1.192271E-16 
 5758.00 1.138764E-16 
 5760.00 9.891638E-17 
 5762.00 1.014807E-16 
 5764.00 1.022509E-16 
 5766.00 1.063822E-16 
 5768.00 1.109821E-16 
 5770.00 1.010114E-16 
 5772.00 9.901789E-17 
 5774.00 1.046299E-16 
 5776.00 1.208712E-16 
 5778.00 1.216372E-16 
 5780.00 1.132398E-16 
 5782.00 1.051902E-16 
 5784.00 1.054685E-16 
 5786.00 1.038661E-16 
 5788.00 1.021762E-16 
 5790.00 1.112322E-16 
 5792.00 1.203657E-16 
 5794.00 1.227833E-16 
 5796.00 1.161706E-16 
 5798.00 9.878916E-17 
 5800.00 9.422639E-17 
 5802.00 9.324377E-17 
 5804.00 9.019540E-17 
 5806.00 1.070191E-16 
 5808.00 1.125115E-16 
 5810.00 1.068825E-16 
 5812.00 1.041782E-16 
 5814.00 1.081665E-16 
 5816.00 1.030505E-16 
 5818.00 9.531879E-17 
 5820.00 9.689173E-17 
 5822.00 9.265914E-17 
 5824.00 1.006040E-16 
 5826.00 9.872851E-17 
 5828.00 9.758051E-17 
 5830.00 9.884990E-17 
 5832.00 9.728639E-17 
 5834.00 1.028666E-16 
 5836.00 9.543099E-17 
 5838.00 8.758965E-17 
 5840.00 9.747473E-17 
 5842.00 1.052088E-16 
 5844.00 1.037860E-16 
 5846.00 9.635684E-17 
 5848.00 1.021442E-16 
 5850.00 9.712000E-17 
 5852.00 1.040877E-16 
 5854.00 8.193108E-17 
 5856.00 8.771033E-17 
 5858.00 9.604267E-17 
 5860.00 9.307900E-17 
 5862.00 8.447465E-17 
 5864.00 9.881890E-17 
 5866.00 9.162501E-17 
 5868.00 7.971101E-17 
 5870.00 7.394641E-17 
 5872.00 8.665419E-17 
 5874.00 9.851913E-17 
 5876.00 9.903775E-17 
 5878.00 8.326800E-17 
 5880.00 8.642517E-17 
 5882.00 9.568869E-17 
 5884.00 8.351833E-17 
 5886.00 8.383029E-17 
 5888.00 9.700142E-17 
 5890.00 8.912497E-17 
 5892.00 8.739433E-17 
 5894.00 9.353574E-17 
 5896.00 8.071493E-17 
 5898.00 9.142592E-17 
 5900.00 9.190542E-17 
 5902.00 8.643169E-17 
 5904.00 9.734174E-17 
 5906.00 9.564991E-17 
 5908.00 8.882459E-17 
 5910.00 8.401973E-17 
 5912.00 9.174028E-17 
 5914.00 9.919068E-17 
 5916.00 9.083554E-17 
 5918.00 7.972601E-17 
 5920.00 1.007680E-16 
 5922.00 1.030404E-16 
 5924.00 1.014096E-16 
 5926.00 9.530383E-17 
 5928.00 8.544694E-17 
 5930.00 9.906703E-17 
 5932.00 9.575453E-17 
 5934.00 9.248303E-17 
 5936.00 1.027530E-16 
 5938.00 1.003302E-16 
 5940.00 1.009273E-16 
 5942.00 1.038392E-16 
 5944.00 9.534937E-17 
 5946.00 1.068188E-16 
 5948.00 9.056670E-17 
 5950.00 9.478241E-17 
 5952.00 8.908619E-17 
 5954.00 9.101203E-17 
 5956.00 9.594962E-17 
 5958.00 9.955303E-17 
 5960.00 9.914568E-17 
 5962.00 1.003155E-16 
 5964.00 1.010825E-16 
 5966.00 1.001530E-16 
 5968.00 9.780552E-17 
 5970.00 9.349083E-17 
 5972.00 9.678552E-17 
 5974.00 1.097544E-16 
 5976.00 1.054801E-16 
 5978.00 9.440454E-17 
 5980.00 1.025106E-16 
 5982.00 1.059026E-16 
 5984.00 9.948363E-17 
 5986.00 1.097403E-16 
 5988.00 1.202566E-16 
 5990.00 1.228669E-16 
 5992.00 1.174629E-16 
 5994.00 9.770374E-17 
 5996.00 9.342421E-17 
 5998.00 1.078811E-16 
 6000.00 1.142626E-16 
 6002.00 1.109509E-16 
 6004.00 1.092060E-16 
 6006.00 1.141933E-16 
 6008.00 9.200440E-17 
 6010.00 8.913152E-17 
 6012.00 1.014401E-16 
 6014.00 9.448644E-17 
 6016.00 1.078104E-16 
 6018.00 1.147366E-16 
 6020.00 9.981501E-17 
 6022.00 9.906926E-17 
 6024.00 1.107402E-16 
 6026.00 1.065154E-16 
 6028.00 1.160186E-16 
 6030.00 1.043833E-16 
 6032.00 1.020305E-16 
 6034.00 1.025000E-16 
 6036.00 1.003745E-16 
 6038.00 9.973693E-17 
 6040.00 1.068412E-16 
 6042.00 1.041114E-16 
 6044.00 1.091992E-16 
 6046.00 1.067386E-16 
 6048.00 1.057631E-16 
 6050.00 1.092505E-16 
 6052.00 1.172778E-16 
 6054.00 1.126893E-16 
 6056.00 1.024533E-16 
 6058.00 1.062883E-16 
 6060.00 1.159796E-16 
 6062.00 1.094101E-16 
 6064.00 1.091936E-16 
 6066.00 1.113227E-16 
 6068.00 1.156749E-16 
 6070.00 1.194638E-16 
 6072.00 1.141682E-16 
 6074.00 1.076035E-16 
 6076.00 1.042089E-16 
 6078.00 1.090549E-16 
 6080.00 1.109762E-16 
 6082.00 1.093080E-16 
 6084.00 1.024137E-16 
 6086.00 1.015522E-16 
 6088.00 1.097058E-16 
 6090.00 1.127606E-16 
 6092.00 1.104694E-16 
 6094.00 1.051228E-16 
 6096.00 1.062748E-16 
 6098.00 1.086624E-16 
 6100.00 1.043384E-16 
 6102.00 9.455830E-17 
 6104.00 1.001905E-16 
 6106.00 1.100993E-16 
 6108.00 1.136983E-16 
 6110.00 1.083479E-16 
 6112.00 1.073091E-16 
 6114.00 1.068035E-16 
 6116.00 1.060001E-16 
 6118.00 1.088551E-16 
 6120.00 1.143799E-16 
 6122.00 9.858998E-17 
 6124.00 1.026378E-16 
 6126.00 1.076081E-16 
 6128.00 1.091238E-16 
 6130.00 1.093345E-16 
 6132.00 1.015110E-16 
 6134.00 9.109571E-17 
 6136.00 1.027822E-16 
 6138.00 1.099662E-16 
 6140.00 9.715323E-17 
 6142.00 1.065221E-16 
 6144.00 1.078084E-16 
 6146.00 1.092739E-16 
 6148.00 1.133137E-16 
 6150.00 1.113537E-16 
 6152.00 1.125886E-16 
 6154.00 1.078059E-16 
 6156.00 1.022447E-16 
 6158.00 1.010564E-16 
 6160.00 1.028325E-16 
 6162.00 1.050850E-16 
 6164.00 1.035968E-16 
 6166.00 9.516462E-17 
 6168.00 8.868440E-17 
 6170.00 9.964226E-17 
 6172.00 1.007249E-16 
 6174.00 1.085098E-16 
 6176.00 1.168250E-16 
 6178.00 1.162075E-16 
 6180.00 1.100460E-16 
 6182.00 1.154257E-16 
 6184.00 1.136057E-16 
 6186.00 1.174005E-16 
 6188.00 1.153611E-16 
 6190.00 1.036574E-16 
 6192.00 9.858472E-17 
 6194.00 1.078408E-16 
 6196.00 1.107735E-16 
 6198.00 1.114746E-16 
 6200.00 1.091998E-16 
 6202.00 1.118680E-16 
 6204.00 1.054984E-16 
 6206.00 1.027386E-16 
 6208.00 1.012105E-16 
 6210.00 1.007672E-16 
 6212.00 1.035710E-16 
 6214.00 1.092797E-16 
 6216.00 1.161044E-16 
 6218.00 1.094698E-16 
 6220.00 1.123437E-16 
 6222.00 1.154931E-16 
 6224.00 1.151220E-16 
 6226.00 1.102439E-16 
 6228.00 1.068426E-16 
 6230.00 1.047754E-16 
 6232.00 1.145250E-16 
 6234.00 1.021916E-16 
 6236.00 1.048119E-16 
 6238.00 1.035602E-16 
 6240.00 1.003168E-16 
 6242.00 1.045698E-16 
 6244.00 1.162659E-16 
 6246.00 1.086612E-16 
 6248.00 1.141935E-16 
 6250.00 1.103915E-16 
 6252.00 1.128391E-16 
 6254.00 1.074575E-16 
 6256.00 1.043153E-16 
 6258.00 1.082821E-16 
 6260.00 1.080584E-16 
 6262.00 1.063685E-16 
 6264.00 1.014007E-16 
 6266.00 1.083224E-16 
 6268.00 9.140892E-17 
 6270.00 9.682936E-17 
 6272.00 1.059396E-16 
 6274.00 1.052538E-16 
 6276.00 1.002715E-16 
 6278.00 1.079906E-16 
 6280.00 1.058436E-16 
 6282.00 1.099086E-16 
 6284.00 1.053665E-16 
 6286.00 1.022358E-16 
 6288.00 1.021935E-16 
 6290.00 1.084654E-16 
 6292.00 1.123816E-16 
 6294.00 1.034836E-16 
 6296.00 1.053467E-16 
 6298.00 1.059602E-16 
 6300.00 1.086671E-16 
 6302.00 1.049753E-16 
 6304.00 8.739488E-17 
 6306.00 8.494651E-17 
 6308.00 9.770035E-17 
 6310.00 9.117818E-17 
 6312.00 9.349730E-17 
 6314.00 9.499372E-17 
 6316.00 9.762759E-17 
 6318.00 1.022841E-16 
 6320.00 1.007107E-16 
 6322.00 8.438798E-17 
 6324.00 8.391792E-17 
 6326.00 9.413497E-17 
 6328.00 9.556876E-17 
 6330.00 8.534204E-17 
 6332.00 8.195253E-17 
 6334.00 8.433393E-17 
 6336.00 9.350772E-17 
 6338.00 9.766728E-17 
 6340.00 9.714336E-17 
 6342.00 9.247083E-17 
 6344.00 9.243829E-17 
 6346.00 9.103505E-17 
 6348.00 9.594983E-17 
 6350.00 9.667165E-17 
 6352.00 8.992166E-17 
 6354.00 9.224365E-17 
 6356.00 9.571452E-17 
 6358.00 8.695105E-17 
 6360.00 9.016135E-17 
 6362.00 9.586448E-17 
 6364.00 1.076756E-16 
 6366.00 1.049821E-16 
 6368.00 8.426840E-17 
 6370.00 9.156780E-17 
 6372.00 9.470065E-17 
 6374.00 8.608007E-17 
 6376.00 8.964697E-17 
 6378.00 9.713060E-17 
 6380.00 9.513174E-17 
 6382.00 9.473780E-17 
 6384.00 9.511974E-17 
 6386.00 8.708180E-17 
 6388.00 9.039015E-17 
 6390.00 8.891655E-17 
 6392.00 1.060892E-16 
 6394.00 1.051595E-16 
 6396.00 1.010135E-16 
 6398.00 1.016907E-16 
 6400.00 1.047742E-16 
 6402.00 1.027824E-16 
 6404.00 9.628270E-17 
 6406.00 9.375363E-17 
 6408.00 9.230704E-17 
 6410.00 9.026540E-17 
 6412.00 9.143300E-17 
 6414.00 9.862965E-17 
 6416.00 1.027814E-16 
 6418.00 1.030947E-16 
 6420.00 1.008158E-16 
 6422.00 9.246603E-17 
 6424.00 9.754375E-17 
 6426.00 9.852845E-17 
 6428.00 9.871974E-17 
 6430.00 1.036574E-16 
 6432.00 1.099217E-16 
 6434.00 1.049819E-16 
 6436.00 1.006600E-16 
 6438.00 9.658858E-17 
 6440.00 9.737820E-17 
 6442.00 9.425753E-17 
 6444.00 9.359146E-17 
 6446.00 1.004037E-16 
 6448.00 1.045650E-16 
 6450.00 1.020301E-16 
 6452.00 9.484491E-17 
 6454.00 9.872540E-17 
 6456.00 1.045786E-16 
 6458.00 9.994361E-17 
 6460.00 9.610216E-17 
 6462.00 1.028819E-16 
 6464.00 1.124999E-16 
 6466.00 1.091850E-16 
 6468.00 1.075627E-16 
 6470.00 1.026684E-16 
 6472.00 1.007210E-16 
 6474.00 1.027358E-16 
 6476.00 1.064429E-16 
 6478.00 1.083859E-16 
 6480.00 1.169835E-16 
 6482.00 1.041141E-16 
 6484.00 1.075248E-16 
 6486.00 1.045170E-16 
 6488.00 1.028322E-16 
 6490.00 1.049782E-16 
 6492.00 1.091948E-16 
 6494.00 1.077827E-16 
 6496.00 1.133075E-16 
 6498.00 1.072534E-16 
 6500.00 9.832801E-17 
 6502.00 9.371817E-17 
 6504.00 1.013699E-16 
 6506.00 1.067216E-16 
 6508.00 1.044382E-16 
 6510.00 1.047726E-16 
 6512.00 1.019777E-16 
 6514.00 1.097945E-16 
 6516.00 1.083921E-16 
 6518.00 1.132940E-16 
 6520.00 1.100543E-16 
 6522.00 1.075483E-16 
 6524.00 1.072963E-16 
 6526.00 1.044687E-16 
 6528.00 1.114884E-16 
 6530.00 1.121410E-16 
 6532.00 1.079931E-16 
 6534.00 1.068256E-16 
 6536.00 1.062127E-16 
 6538.00 1.052676E-16 
 6540.00 1.048717E-16 
 6542.00 1.064044E-16 
 6544.00 1.106942E-16 
 6546.00 1.074886E-16 
 6548.00 1.052098E-16 
 6550.00 1.080219E-16 
 6552.00 1.134584E-16 
 6554.00 1.131267E-16 
 6556.00 1.054149E-16 
 6558.00 1.159517E-16 
 6560.00 1.148467E-16 
 6562.00 1.071599E-16 
 6564.00 1.076029E-16 
 6566.00 1.096910E-16 
 6568.00 1.144236E-16 
 6570.00 1.189938E-16 
 6572.00 1.137518E-16 
 6574.00 1.127768E-16 
 6576.00 1.089004E-16 
 6578.00 1.133616E-16 
 6580.00 1.224390E-16 
 6582.00 1.182557E-16 
 6584.00 1.102050E-16 
 6586.00 1.084112E-16 
 6588.00 1.194805E-16 
 6590.00 1.220154E-16 
 6592.00 1.218101E-16 
 6594.00 1.262688E-16 
 6596.00 1.194413E-16 
 6598.00 1.117258E-16 
 6600.00 1.131704E-16 
 6602.00 1.228909E-16 
 6604.00 1.232661E-16 
 6606.00 1.185863E-16 
 6608.00 1.288972E-16 
 6610.00 1.324384E-16 
 6612.00 1.257607E-16 
 6614.00 1.246372E-16 
 6616.00 1.291186E-16 
 6618.00 1.187141E-16 
 6620.00 1.174103E-16 
 6622.00 1.181581E-16 
 6624.00 1.181182E-16 
 6626.00 1.225003E-16 
 6628.00 1.196150E-16 
 6630.00 1.192783E-16 
 6632.00 1.254037E-16 
 6634.00 1.257051E-16 
 6636.00 1.240152E-16 
 6638.00 1.204178E-16 
 6640.00 1.127938E-16 
 6642.00 1.198834E-16 
 6644.00 1.224808E-16 
 6646.00 1.228825E-16 
 6648.00 1.214020E-16 
 6650.00 1.198146E-16 
 6652.00 1.209846E-16 
 6654.00 1.290051E-16 
 6656.00 1.154120E-16 
 6658.00 1.157640E-16 
 6660.00 1.214869E-16 
 6662.00 1.271704E-16 
 6664.00 1.213963E-16 
 6666.00 1.139071E-16 
 6668.00 1.253465E-16 
 6670.00 1.232999E-16 
 6672.00 1.172967E-16 
 6674.00 1.142270E-16 
 6676.00 1.141682E-16 
 6678.00 1.198691E-16 
 6680.00 1.250746E-16 
 6682.00 1.253347E-16 
 6684.00 1.194963E-16 
 6686.00 1.073822E-16 
 6688.00 1.232344E-16 
 6690.00 1.417054E-16 
 6692.00 1.459147E-16 
 6694.00 1.319365E-16 
 6696.00 1.327159E-16 
 6698.00 1.226413E-16 
 6700.00 1.233933E-16 
 6702.00 1.761428E-16 
 6704.00 2.514631E-16 
 6706.00 3.132577E-16 
 6708.00 3.199471E-16 
 6710.00 2.528356E-16 
 6712.00 1.562145E-16 
 6714.00 1.198811E-16 
 6716.00 1.211586E-16 
 6718.00 1.218608E-16 
 6720.00 1.280150E-16 
 6722.00 1.291985E-16 
 6724.00 1.329987E-16 
 6726.00 1.643301E-16 
 6728.00 1.844792E-16 
 6730.00 1.852318E-16 
 6732.00 1.426672E-16 
 6734.00 1.190323E-16 
 6736.00 1.202747E-16 
 6738.00 1.206670E-16 
 6740.00 1.133715E-16 
 6742.00 1.113481E-16 
 6744.00 1.101781E-16 
 6746.00 1.248854E-16 
 6748.00 1.154393E-16 
 6750.00 1.121043E-16 
 6752.00 1.114398E-16 
 6754.00 1.107014E-16 
 6756.00 1.116236E-16 
 6758.00 1.154854E-16 
 6760.00 1.144454E-16 
 6762.00 1.139428E-16 
 6764.00 1.182273E-16 
 6766.00 1.151640E-16 
 6768.00 1.138680E-16 
 6770.00 1.154840E-16 
 6772.00 1.134265E-16 
 6774.00 1.222011E-16 
 6776.00 1.055884E-16 
 6778.00 1.041230E-16 
 6780.00 1.119472E-16 
 6782.00 1.153657E-16 
 6784.00 1.132351E-16 
 6786.00 1.082333E-16 
 6788.00 1.128483E-16 
 6790.00 1.108984E-16 
 6792.00 1.101574E-16 
 6794.00 1.049147E-16 
 6796.00 1.061435E-16 
 6798.00 1.067197E-16 
 6800.00 1.083911E-16 
 6802.00 1.149009E-16 
 6804.00 1.046700E-16 
 6806.00 8.902513E-17 
 6808.00 1.039392E-16 
 6810.00 1.063460E-16 
 6812.00 1.100515E-16 
 6814.00 1.080323E-16 
 6816.00 9.939431E-17 
 6818.00 1.044826E-16 
 6820.00 1.061725E-16 
 6822.00 1.075938E-16 
 6824.00 1.074275E-16 
 6826.00 1.065277E-16 
 6828.00 1.041999E-16 
 6830.00 1.001757E-16 
 6832.00 1.047805E-16 
 6834.00 1.130750E-16 
 6836.00 9.988063E-17 
 6838.00 1.036380E-16 
 6840.00 1.175590E-16 
 6842.00 1.111320E-16 
 6844.00 1.079076E-16 
 6846.00 1.161892E-16 
 6848.00 1.150599E-16 
 6850.00 1.136132E-16 
 6852.00 9.658284E-17 
 6854.00 9.765388E-17 
 6856.00 1.053319E-16 
 6858.00 1.066613E-16 
 6860.00 1.127481E-16 
 6862.00 1.280272E-16 
 6864.00 1.334621E-16 
 6866.00 1.360925E-16 
 6868.00 1.120313E-16 
 6870.00 1.091073E-16 
 6872.00 9.856731E-17 
 6874.00 9.698926E-17 
 6876.00 1.189845E-16 
 6878.00 1.248048E-16 
 6880.00 1.219081E-16 
 6882.00 1.106199E-16 
 6884.00 1.010113E-16 
 6886.00 1.012320E-16 
 6888.00 9.885837E-17 
 6890.00 9.831277E-17 
 6892.00 1.004214E-16 
 6894.00 9.850975E-17 
 6896.00 9.171744E-17 
 6898.00 8.736253E-17 
 6900.00 9.725769E-17 
 6902.00 1.020299E-16 
 6904.00 9.554707E-17 
 6906.00 9.364862E-17 
 6908.00 9.793987E-17 
 6910.00 9.345651E-17 
 6912.00 9.894975E-17 
 6914.00 1.023094E-16 
 6916.00 1.063800E-16 
 6918.00 1.008019E-16 
 6920.00 9.459528E-17 
 6922.00 9.917409E-17 
 6924.00 1.077009E-16 
 6926.00 9.649164E-17 
 6928.00 9.657925E-17 
 6930.00 9.908666E-17 
 6932.00 1.057733E-16 
 6934.00 9.988332E-17 
 6936.00 9.456363E-17 
 6938.00 9.735664E-17 
 6940.00 1.006110E-16 
 6942.00 9.970104E-17 
 6944.00 9.454641E-17 
 6946.00 9.597282E-17 
 6948.00 9.726000E-17 
 6950.00 1.021215E-16 
 6952.00 1.071904E-16 
 6954.00 9.935415E-17 
 6956.00 9.772724E-17 
 6958.00 9.455537E-17 
 6960.00 9.391687E-17 
 6962.00 9.206072E-17 
 6964.00 9.207834E-17 
 6966.00 9.316136E-17 
 6968.00 9.347521E-17 
 6970.00 9.381298E-17 
 6972.00 1.026851E-16 
 6974.00 1.026918E-16 
 6976.00 1.031766E-16 
 6978.00 9.787699E-17 
 6980.00 9.311224E-17 
 6982.00 9.111425E-17 
 6984.00 9.101722E-17 
 6986.00 9.814179E-17 
 6988.00 1.054019E-16 
 6990.00 9.450677E-17 
 6992.00 8.970145E-17 
 6994.00 9.162459E-17 
 6996.00 9.527080E-17 
 6998.00 9.751810E-17 
 7000.00 9.571769E-17 
 7002.00 9.806408E-17 
 7004.00 1.008081E-16 
 7006.00 1.078264E-16 
 7008.00 9.170628E-17 
 7010.00 9.394908E-17 
 7012.00 9.730155E-17 
 7014.00 9.539973E-17 
 7016.00 9.578853E-17 
 7018.00 8.996479E-17 
 7020.00 9.274319E-17 
 7022.00 1.018872E-16 
 7024.00 9.933436E-17 
 7026.00 9.713761E-17 
 7028.00 9.857145E-17 
 7030.00 9.670880E-17 
 7032.00 9.898522E-17 
 7034.00 9.568689E-17 
 7036.00 9.506875E-17 
 7038.00 1.007069E-16 
 7040.00 1.043010E-16 
 7042.00 1.037227E-16 
 7044.00 9.866193E-17 
 7046.00 9.926817E-17 
 7048.00 9.991806E-17 
 7050.00 1.021263E-16 
 7052.00 9.602942E-17 
 7054.00 1.014878E-16 
 7056.00 1.050760E-16 
 7058.00 1.010376E-16 
 7060.00 1.005472E-16 
 7062.00 9.884513E-17 
 7064.00 1.009916E-16 
 7066.00 9.907541E-17 
 7068.00 1.055801E-16 
 7070.00 1.006512E-16 
 7072.00 9.798969E-17 
 7074.00 1.042035E-16 
 7076.00 1.045595E-16 
 7078.00 9.961963E-17 
 7080.00 9.361331E-17 
 7082.00 1.034862E-16 
 7084.00 9.728832E-17 
 7086.00 9.514917E-17 
 7088.00 1.033152E-16 
 7090.00 9.661286E-17 
 7092.00 9.218150E-17 
 7094.00 9.895422E-17 
 7096.00 9.680775E-17 
 7098.00 9.467684E-17 
 7100.00 1.002326E-16 
 7102.00 1.049712E-16 
 7104.00 1.050648E-16 
 7106.00 1.050958E-16 
 7108.00 1.041859E-16 
 7110.00 1.034639E-16 
 7112.00 1.095514E-16 
 7114.00 1.056410E-16 
 7116.00 1.010135E-16 
 7118.00 1.029327E-16 
 7120.00 1.056148E-16 
 7122.00 9.479367E-17 
 7124.00 7.995480E-17 
 7126.00 7.256290E-17 
 7128.00 7.667001E-17 
 7130.00 8.114969E-17 
 7132.00 8.362190E-17 
 7134.00 9.066383E-17 
 7136.00 1.085887E-16 
 7138.00 1.150883E-16 
 7140.00 1.004265E-16 
 7142.00 1.017821E-16 
 7144.00 1.038353E-16 
 7146.00 1.069398E-16 
 7148.00 1.094653E-16 
 7150.00 1.072044E-16 
 7152.00 1.099178E-16 
 7154.00 1.055630E-16 
 7156.00 1.012616E-16 
 7158.00 9.730691E-17 
 7160.00 9.212377E-17 
 7162.00 9.298251E-17 
 7164.00 1.026212E-16 
 7166.00 1.062150E-16 
 7168.00 1.134526E-16 
 7170.00 1.020321E-16 
 7172.00 9.543083E-17 
 7174.00 1.024032E-16 
 7176.00 1.071138E-16 
 7178.00 1.039478E-16 
 7180.00 1.057394E-16 
 7182.00 1.065011E-16 
 7184.00 1.041702E-16 
 7186.00 1.066124E-16 
 7188.00 1.087796E-16 
 7190.00 1.003590E-16 
 7192.00 9.342850E-17 
 7194.00 9.917507E-17 
 7196.00 1.051808E-16 
 7198.00 1.007002E-16 
 7200.00 9.728172E-17 
 7202.00 9.331556E-17 
 7204.00 9.588811E-17 
 7206.00 1.029922E-16 
 7208.00 1.105325E-16 
 7210.00 1.056171E-16 
 7212.00 1.019656E-16 
 7214.00 9.836484E-17 
 7216.00 8.893231E-17 
 7218.00 9.237229E-17 
 7220.00 9.605366E-17 
 7222.00 1.014639E-16 
 7224.00 1.054393E-16 
 7226.00 1.015807E-16 
 7228.00 1.054966E-16 
 7230.00 1.037935E-16 
 7232.00 1.021872E-16 
 7234.00 9.885482E-17 
 7236.00 9.802479E-17 
 7238.00 1.044492E-16 
 7240.00 1.066875E-16 
 7242.00 9.556739E-17 
 7244.00 9.732951E-17 
 7246.00 1.067872E-16 
 7248.00 9.088690E-17 
 7250.00 8.947167E-17 
 7252.00 9.609141E-17 
 7254.00 1.016001E-16 
 7256.00 9.515098E-17 
 7258.00 9.970443E-17 
 7260.00 9.487830E-17 
 7262.00 9.672278E-17 
 7264.00 9.750920E-17 
 7266.00 9.773838E-17 
 7268.00 9.857465E-17 
 7270.00 9.755752E-17 
 7272.00 9.401893E-17 
 7274.00 9.516162E-17 
 7276.00 1.129482E-16 
 7278.00 1.020752E-16 
 7280.00 1.041207E-16 
 7282.00 9.974456E-17 
 7284.00 8.635382E-17 
 7286.00 9.516847E-17 
 7288.00 1.007975E-16 
 7290.00 9.650891E-17 
 7292.00 1.050841E-16 
 7294.00 1.074478E-16 
 7296.00 1.037045E-16 
 7298.00 9.797827E-17 
 7300.00 9.988663E-17 
 7302.00 9.874403E-17 
 7304.00 1.023563E-16 
 7306.00 9.334948E-17 
 7308.00 9.302727E-17 
 7310.00 9.131073E-17 
 7312.00 9.289554E-17 
 7314.00 1.017894E-16 
 7316.00 1.048456E-16 
 7318.00 1.052114E-16 
 7320.00 7.648355E-17 
 7322.00 9.021467E-17 
 7324.00 9.688831E-17 
 7326.00 9.475639E-17 
 7328.00 9.492848E-17 
 7330.00 1.093575E-16 
 7332.00 9.924993E-17 
 7334.00 9.789986E-17 
 7336.00 8.376452E-17 
 7338.00 1.043693E-16 
 7340.00 1.077873E-16 
 7342.00 1.063717E-16 
 7344.00 1.035258E-16 
 7346.00 1.003604E-16 
 7348.00 1.061452E-16 
 7350.00 9.377727E-17 
 7352.00 9.487420E-17 
 7354.00 9.244692E-17 
 7356.00 9.244357E-17 
 7358.00 9.474255E-17 
 7360.00 8.935006E-17 
 7362.00 9.267792E-17 
 7364.00 9.700247E-17 
 7366.00 9.686152E-17 
 7368.00 1.107176E-16 
 7370.00 1.169394E-16 
 7372.00 1.020902E-16 
 7374.00 9.517722E-17 
 7376.00 9.766650E-17 
 7378.00 9.580109E-17 
 7380.00 9.284226E-17 
 7382.00 9.747992E-17 
 7384.00 1.015234E-16 
 7386.00 1.030389E-16 
 7388.00 1.010415E-16 
 7390.00 1.000763E-16 
 7392.00 9.812638E-17 
 7394.00 1.042360E-16 
 7396.00 1.029284E-16 
 7398.00 9.930268E-17 
 7400.00 1.024756E-16 
 7402.00 1.138493E-16 
 7404.00 1.047883E-16 
 7406.00 8.843382E-17 
 7408.00 9.140420E-17 
 7410.00 9.741568E-17 
 7412.00 1.018728E-16 
 7414.00 1.031030E-16 
 7416.00 1.043050E-16 
 7418.00 1.042245E-16 
 7420.00 1.018299E-16 
 7422.00 1.049497E-16 
 7424.00 1.047652E-16 
 7426.00 9.985801E-17 
 7428.00 1.021921E-16 
 7430.00 1.040456E-16 
 7432.00 1.034834E-16 
 7434.00 1.063390E-16 
 7436.00 1.074439E-16 
 7438.00 1.050564E-16 
 7440.00 9.329676E-17 
 7442.00 1.082076E-16 
 7444.00 1.005714E-16 
 7446.00 9.361576E-17 
 7448.00 9.938857E-17 
 7450.00 1.012463E-16 
 7452.00 9.929634E-17 
 7454.00 1.038746E-16 
 7456.00 9.828871E-17 
 7458.00 9.415017E-17 
 7460.00 9.300172E-17 
 7462.00 9.700506E-17 
 7464.00 1.012314E-16 
 7466.00 1.031164E-16 
 7468.00 1.003000E-16 
 7470.00 1.039123E-16 
 7472.00 1.054500E-16 
 7474.00 1.088583E-16 
 7476.00 1.062438E-16 
 7478.00 1.007868E-16 
 7480.00 1.114934E-16 
 7482.00 1.047986E-16 
 7484.00 1.042829E-16 
 7486.00 9.714842E-17 
 7488.00 9.907346E-17 
 7490.00 9.357430E-17 
 7492.00 8.164076E-17 
 7494.00 9.457314E-17 
 7496.00 1.013849E-16 
 7498.00 1.004702E-16 
 7500.00 9.833824E-17 
 7502.00 9.673145E-17 
 7504.00 9.817347E-17 
 7506.00 1.022290E-16 
 7508.00 1.023122E-16 
 7510.00 1.063336E-16 
 7512.00 9.776291E-17 
 7514.00 1.013144E-16 
 7516.00 9.789766E-17 
 7518.00 9.375197E-17 
 7520.00 9.512640E-17 
 7522.00 1.056068E-16 
 7524.00 1.101617E-16 
 7526.00 1.098367E-16 
 7528.00 9.215424E-17 
 7530.00 1.009261E-16 
 7532.00 1.041316E-16 
 7534.00 1.061736E-16 
 7536.00 1.080209E-16 
 7538.00 1.049220E-16 
 7540.00 1.040770E-16 
 7542.00 1.064290E-16 
 7544.00 9.263932E-17 
 7546.00 9.661724E-17 
 7548.00 1.062478E-16 
 7550.00 1.076868E-16 
 7552.00 9.874588E-17 
 7554.00 1.036995E-16 
 7556.00 1.074694E-16 
 7558.00 1.066722E-16 
 7560.00 1.020965E-16 
 7562.00 1.006097E-16 
 7564.00 1.012429E-16 
 7566.00 1.034451E-16 
 7568.00 1.040762E-16 
 7570.00 1.066111E-16 
 7572.00 1.089042E-16 
 7574.00 1.116301E-16 
 7576.00 1.070160E-16 
 7578.00 1.015524E-16 
 7580.00 1.024588E-16 
 7582.00 1.079434E-16 
 7584.00 1.024538E-16 
 7586.00 9.829354E-17 
 7588.00 1.018717E-16 
 7590.00 9.732964E-17 
 7592.00 9.470774E-17 
 7594.00 9.932885E-17 
 7596.00 1.085650E-16 
 7598.00 1.105194E-16 
 7600.00 1.244405E-16 
 7602.00 1.128551E-16 
 7604.00 9.718307E-17 
 7606.00 8.719290E-17 
 7608.00 8.445067E-17 
 7610.00 9.449979E-17 
 7612.00 9.320532E-17 
 7614.00 9.184708E-17 
 7616.00 1.168071E-16 
 7618.00 1.262804E-16 
 7620.00 1.146081E-16 
 7622.00 1.071020E-16 
 7624.00 1.047885E-16 
 7626.00 9.590080E-17 
 7628.00 1.065252E-16 
 7630.00 1.183788E-16 
 7632.00 9.035996E-17 
 7634.00 1.014272E-16 
 7636.00 1.085031E-16 
 7638.00 1.079650E-16 
 7640.00 1.012826E-16 
 7642.00 9.719565E-17 
 7644.00 1.207791E-16 
 7646.00 1.045818E-16 
 7648.00 1.016924E-16 
 7650.00 9.864260E-17 
 7652.00 9.762631E-17 
 7654.00 1.060762E-16 
 7656.00 1.070943E-16 
 7658.00 1.098666E-16 
 7660.00 1.094367E-16 
 7662.00 1.017539E-16 
 7664.00 1.001085E-16 
 7666.00 1.092322E-16 
 7668.00 1.091190E-16 
 7670.00 9.468680E-17 
 7672.00 9.266975E-17 
 7674.00 9.584675E-17 
 7676.00 1.063797E-16 
 7678.00 1.070698E-16 
 7680.00 1.039098E-16 
 7682.00 1.020847E-16 
 7684.00 1.013096E-16 
 7686.00 1.013860E-16 
 7688.00 1.048144E-16 
 7690.00 1.075473E-16 
 7692.00 1.017575E-16 
 7694.00 1.019166E-16 
 7696.00 1.040093E-16 
 7698.00 1.054972E-16 
 7700.00 1.034519E-16 
 7702.00 9.880963E-17 
 7704.00 9.833115E-17 
 7706.00 9.327224E-17 
 7708.00 9.467918E-17 
 7710.00 9.859888E-17 
 7712.00 1.002174E-16 
 7714.00 9.599857E-17 
 7716.00 9.332608E-17 
 7718.00 9.643945E-17 
 7720.00 1.010330E-16 
 7722.00 8.748893E-17 
 7724.00 9.202486E-17 
 7726.00 9.996175E-17 
 7728.00 9.555852E-17 
 7730.00 8.433652E-17 
 7732.00 9.533027E-17 
 7734.00 9.469979E-17 
 7736.00 1.000549E-16 
 7738.00 9.548654E-17 
 7740.00 9.091402E-17 
 7742.00 8.768145E-17 
 7744.00 8.675365E-17 
 7746.00 8.629299E-17 
 7748.00 8.444057E-17 
 7750.00 1.157288E-16 
 7752.00 1.119606E-16 
 7754.00 9.617594E-17 
 7756.00 8.852114E-17 
 7758.00 9.349261E-17 
 7760.00 8.955740E-17 
 7762.00 9.071436E-17 
 7764.00 7.615797E-17 
 7766.00 9.165667E-17 
 7768.00 8.801203E-17 
 7770.00 8.823542E-17 
 7772.00 9.221232E-17 
 7774.00 9.671328E-17 
 7776.00 9.207796E-17 
 7778.00 8.208788E-17 
 7780.00 9.093822E-17 
 7782.00 9.008664E-17 
 7784.00 9.190892E-17 
 7786.00 9.161205E-17 
 7788.00 8.654379E-17 
 7790.00 8.842040E-17 
 7792.00 9.615507E-17 
 7794.00 1.136149E-16 
 7796.00 1.041805E-16 
 7798.00 8.732998E-17 
 7800.00 8.367862E-17 
 7802.00 9.686004E-17 
 7804.00 9.343893E-17 
 7806.00 1.014840E-16 
 7808.00 1.077238E-16 
 7810.00 8.918859E-17 
 7812.00 8.573577E-17 
 7814.00 8.927011E-17 
 7816.00 8.933549E-17 
 7818.00 8.677800E-17 
 7820.00 9.776526E-17 
 7822.00 1.124091E-16 
 7824.00 8.596569E-17 
 7826.00 7.692223E-17 
 7828.00 7.332901E-17 
 7830.00 7.655205E-17 
 7832.00 8.861177E-17 
 7834.00 9.062522E-17 
 7836.00 9.409607E-17 
 7838.00 9.589056E-17 
 7840.00 9.506071E-17 
 7842.00 9.774819E-17 
 7844.00 9.539709E-17 
 7846.00 9.156164E-17 
 7848.00 9.589390E-17 
 7850.00 9.210421E-17 
 7852.00 9.861046E-17 
 7854.00 1.058635E-16 
 7856.00 8.818398E-17 
 7858.00 8.446509E-17 
 7860.00 8.142677E-17 
 7862.00 7.845988E-17 
 7864.00 8.955287E-17 
 7866.00 9.997842E-17 
 7868.00 9.537839E-17 
 7870.00 1.034241E-16 
 7872.00 9.773650E-17 
 7874.00 9.224829E-17 
 7876.00 9.242162E-17 
 7878.00 8.641871E-17 
 7880.00 7.668352E-17 
 7882.00 9.043983E-17 
 7884.00 9.759708E-17 
 7886.00 9.628672E-17 
 7888.00 1.015832E-16 
 7890.00 1.005222E-16 
 7892.00 8.746550E-17 
 7894.00 8.604322E-17 
 7896.00 8.930608E-17 
 7898.00 8.783265E-17 
 7900.00 9.179748E-17 
 7902.00 9.309469E-17 
 7904.00 9.473863E-17 
 7906.00 9.835579E-17 
 7908.00 9.963991E-17 
 7910.00 9.814501E-17 
 7912.00 1.102169E-16 
 7914.00 1.262621E-16 
 7916.00 1.131273E-16 
 7918.00 1.074970E-16 
 7920.00 1.194573E-16 
 7922.00 1.075720E-16 
 7924.00 9.308664E-17 
 7926.00 8.728889E-17 
 7928.00 7.736199E-17 
 7930.00 9.416491E-17 
 7932.00 9.888675E-17 
 7934.00 9.826619E-17 
 7936.00 1.009553E-16 
 7938.00 1.117554E-16 
 7940.00 1.112355E-16 
 7942.00 1.017157E-16 
 7944.00 1.062665E-16 
 7946.00 9.781362E-17 
 7948.00 9.681318E-17 
 7950.00 1.060358E-16 
 7952.00 9.720242E-17 
 7954.00 1.030197E-16 
 7956.00 1.083802E-16 
 7958.00 1.094540E-16 
 7960.00 1.056999E-16 
 7962.00 1.008220E-16 
 7964.00 1.125914E-16 
 7966.00 1.285943E-16 
 7968.00 9.613166E-17 
 7970.00 9.213433E-17 
 7972.00 7.908618E-17 
 7974.00 1.010284E-16 
 7976.00 1.090744E-16 
 7978.00 1.110556E-16 
 7980.00 1.057456E-16 
 7982.00 9.431515E-17 
 7984.00 8.786093E-17 
 7986.00 9.137630E-17 
 7988.00 9.797361E-17 
 7990.00 9.660651E-17 
 7992.00 1.088759E-16 
 7994.00 1.315652E-16 
 7996.00 1.069360E-16 
 7998.00 9.316944E-17 
 8000.00 1.169649E-16 
 8002.00 1.019889E-16 
 8004.00 9.561387E-17 
 8006.00 9.965180E-17 
 8008.00 1.043647E-16 
 8010.00 1.054783E-16 
 8012.00 1.065004E-16 
 8014.00 1.158600E-16 
 8016.00 9.549623E-17 
 8018.00 9.583419E-17 
 8020.00 8.778079E-17 
 8022.00 8.347750E-17 
 8024.00 9.538761E-17 
 8026.00 1.070128E-16 
 8028.00 1.077927E-16 
 8030.00 1.043012E-16 
 8032.00 7.882215E-17 
 8034.00 7.745077E-17 
 8036.00 8.073790E-17 
 8038.00 8.424197E-17 
 8040.00 9.044410E-17 
 8042.00 9.914950E-17 
 8044.00 1.058832E-16 
 8046.00 1.037460E-16 
 8048.00 1.024889E-16 
 8050.00 1.075288E-16 
 8052.00 1.096920E-16 
 8054.00 1.031020E-16 
 8056.00 9.932480E-17 
 8058.00 1.028347E-16 
 8060.00 1.131145E-16 
 8062.00 1.123218E-16 
 8064.00 1.013658E-16 
 8066.00 9.479911E-17 
 8068.00 9.335375E-17 
 8070.00 8.727930E-17 
 8072.00 9.785457E-17 
 8074.00 9.946002E-17 
 8076.00 1.070724E-16 
 8078.00 9.458688E-17 
 8080.00 9.301086E-17 
 8082.00 9.987409E-17 
 8084.00 1.064278E-16 
 8086.00 9.784325E-17 
 8088.00 1.050255E-16 
 8090.00 9.499523E-17 
 8092.00 1.014876E-16 
 8094.00 1.017391E-16 
 8096.00 9.770144E-17 
 8098.00 9.211090E-17 
 8100.00 9.270749E-17 
 8102.00 9.502118E-17 
 8104.00 9.680303E-17 
 8106.00 1.074149E-16 
 8108.00 9.768884E-17 
 8110.00 1.055778E-16 
 8112.00 1.111109E-16 
 8114.00 1.040824E-16 
 8116.00 1.050936E-16 
 8118.00 1.092506E-16 
 8120.00 9.623820E-17 
 8122.00 9.807843E-17 
 8124.00 1.007905E-16 
 8126.00 9.912843E-17 
 8128.00 9.644234E-17 
 8130.00 1.051127E-16 
 8132.00 1.108711E-16 
 8134.00 9.712722E-17 
 8136.00 9.683432E-17 
 8138.00 9.348469E-17 
 8140.00 9.601441E-17 
 8142.00 1.000886E-16 
 8144.00 9.687217E-17 
 8146.00 9.901662E-17 
 8148.00 1.023979E-16 
 8150.00 1.052588E-16 
 8152.00 8.977046E-17 
 8154.00 8.929648E-17 
 8156.00 9.638721E-17 
 8158.00 1.040986E-16 
 8160.00 9.837792E-17 
 8162.00 9.821061E-17 
 8164.00 1.100247E-16 
 8166.00 9.981486E-17 
 8168.00 9.928484E-17 
 8170.00 1.005546E-16 
 8172.00 1.003955E-16 
 8174.00 9.686465E-17 
 8176.00 7.850653E-17 
 8178.00 9.516551E-17 
 8180.00 9.830303E-17 
 8182.00 9.898671E-17 
 8184.00 9.922254E-17 
 8186.00 1.002454E-16 
 8188.00 1.000580E-16 
 8190.00 9.208726E-17 
 8192.00 8.778784E-17 
 8194.00 8.961059E-17 
 8196.00 9.430192E-17 
 8198.00 1.027233E-16 
 8200.00 1.056204E-16 
 8202.00 9.784093E-17 
 8204.00 1.002932E-16 
 8206.00 1.021543E-16 
 8208.00 9.749846E-17 
 8210.00 9.271216E-17 
 8212.00 9.739622E-17 
 8214.00 9.653387E-17 
 8216.00 9.746199E-17 
 8218.00 1.013214E-16 
 8220.00 9.538071E-17 
 8222.00 8.686120E-17 
 8224.00 8.952465E-17 
 8226.00 1.051252E-16 
 8228.00 9.864561E-17 
 8230.00 9.109208E-17 
 8232.00 9.420106E-17 
 8234.00 1.005274E-16 
 8236.00 9.163905E-17 
 8238.00 1.003666E-16 
 8240.00 1.042902E-16 
 8242.00 9.607718E-17 
 8244.00 9.004620E-17 
 8246.00 9.449827E-17 
 8248.00 1.012689E-16 
 8250.00 9.467154E-17 
 8252.00 1.056015E-16 
 8254.00 1.030436E-16 
 8256.00 1.041229E-16 
 8258.00 9.928155E-17 
 8260.00 9.775704E-17 
 8262.00 1.012329E-16 
 8264.00 9.648044E-17 
 8266.00 8.854597E-17 
 8268.00 9.393093E-17 
 8270.00 8.541533E-17 
 8272.00 9.561123E-17 
 8274.00 1.019419E-16 
 8276.00 9.965552E-17 
 8278.00 1.044277E-16 
 8280.00 9.480739E-17 
 8282.00 1.134446E-16 
 8284.00 1.011100E-16 
 8286.00 9.135356E-17 
 8288.00 9.071801E-17 
 8290.00 8.295846E-17 
 8292.00 7.177251E-17 
 8294.00 8.673211E-17 
 8296.00 8.649112E-17 
 8298.00 1.117199E-16 
 8300.00 1.043491E-16 
 8302.00 1.034485E-16 
 8304.00 1.143917E-16 
 8306.00 1.189127E-16 
 8308.00 9.278694E-17 
 8310.00 9.711215E-17 
 8312.00 1.064981E-16 
 8314.00 9.631324E-17 
 8316.00 9.239382E-17 
 8318.00 9.058868E-17 
 8320.00 9.152562E-17 
 8322.00 1.001205E-16 
 8324.00 1.087810E-16 
 8326.00 1.042868E-16 
 8328.00 1.022948E-16 
 8330.00 1.013226E-16 
 8332.00 9.944576E-17 
 8334.00 1.006897E-16 
 8336.00 1.061403E-16 
 8338.00 1.067393E-16 
 8340.00 9.711200E-17 
 8342.00 1.020013E-16 
 8344.00 1.317534E-16 
 8346.00 6.547294E-17 
 8348.00 3.731287E-17 
 8350.00 4.039655E-17 
 8352.00 7.705187E-17 
 8354.00 9.230969E-17 
 8356.00 8.542632E-17 
 8358.00 1.000425E-16 
 8360.00 9.195772E-17 
 8362.00 1.009764E-16 
 8364.00 1.053475E-16 
 8366.00 9.433211E-17 
 8368.00 9.486668E-17 
 8370.00 1.020098E-16 
 8372.00 9.243229E-17 
 8374.00 8.722248E-17 
 8376.00 9.196148E-17 
 8378.00 9.522672E-17 
 8380.00 9.803473E-17 
 8382.00 1.099807E-16 
 8384.00 1.206493E-16 
 8386.00 9.482591E-17 
 8388.00 9.706299E-17 
 8390.00 9.280501E-17 
 8392.00 9.485679E-17 
 8394.00 9.845125E-17 
 8396.00 9.819463E-17 
 8398.00 1.030728E-16 
 8400.00 1.320551E-16 
 8402.00 1.116112E-16 
 8404.00 1.414099E-16 
 8406.00 1.111912E-16 
 8408.00 9.483615E-17 
 8410.00 9.228053E-17 
 8412.00 9.248966E-17 
 8414.00 9.537858E-17 
 8416.00 1.128044E-16 
 8418.00 9.587785E-17 
 8420.00 9.729623E-17 
 8422.00 9.008360E-17 
 8424.00 9.032497E-17 
 8426.00 1.077400E-16 
 8428.00 1.156421E-16 
 8430.00 1.219469E-16 
 8432.00 1.029716E-16 
 8434.00 5.952164E-17 
 8436.00 4.842877E-17 
 8438.00 5.706417E-17 
 8440.00 8.504304E-17 
 8442.00 9.745538E-17 
 8444.00 9.984358E-17 
 8446.00 9.867363E-17 
 8448.00 9.887379E-17 
 8450.00 1.052448E-16 
 8452.00 1.180075E-16 
 8454.00 1.133233E-16 
 8456.00 8.648277E-17 
 8458.00 8.795356E-17 
 8460.00 7.963390E-17 
 8462.00 8.733923E-17 
 8464.00 1.102524E-16 
 8466.00 1.042154E-16 
 8468.00 8.695696E-17 
 8470.00 6.689418E-17 
 8472.00 6.748062E-17 
 8474.00 7.686083E-17 
 8476.00 7.565187E-17 
 8478.00 9.339887E-17 
 8480.00 9.816373E-17 
 8482.00 1.002001E-16 
 8484.00 9.711815E-17 
 8486.00 8.888862E-17 
 8488.00 9.191501E-17 
 8490.00 9.366344E-17 
 8492.00 9.111347E-17 
 8494.00 1.012021E-16 
 8496.00 8.841071E-17 
 8498.00 8.421701E-17 
 8500.00 8.925525E-17 
 8502.00 9.119679E-17 
 8504.00 9.147804E-17 
 8506.00 1.000967E-16 
 8508.00 7.976559E-17 
 8510.00 7.136055E-17 
 8512.00 7.648418E-17 
 8514.00 8.240391E-17 
 8516.00 8.790726E-17 
 8518.00 9.570554E-17 
 8520.00 9.905942E-17 
 8522.00 9.358004E-17 
 8524.00 9.301028E-17 
 8526.00 9.006778E-17 
 8528.00 9.045747E-17 
 8530.00 9.395816E-17 
 8532.00 9.437896E-17 
 8534.00 9.082889E-17 
 8536.00 9.089389E-17 
 8538.00 1.036069E-16 
 8540.00 1.021602E-16 
 8542.00 9.277126E-17 
 8544.00 8.273327E-17 
 8546.00 7.885876E-17 
 8548.00 8.992090E-17 
 8550.00 1.080096E-16 
 8552.00 9.584837E-17 
 8554.00 1.066480E-16 
 8556.00 1.057974E-16 
 8558.00 1.041433E-16 
 8560.00 1.030609E-16 
 8562.00 1.001649E-16 
 8564.00 9.423722E-17 
 8566.00 8.939492E-17 
 8568.00 9.032859E-17 
 8570.00 1.037326E-16 
 8572.00 1.050148E-16 
 8574.00 1.026229E-16 
 8576.00 1.009882E-16 
 8578.00 1.025483E-16 
 8580.00 1.018984E-16 
 8582.00 9.711926E-17 
 8584.00 9.790575E-17 
 8586.00 1.001295E-16 
 8588.00 1.026137E-16 
 8590.00 1.016391E-16 
 8592.00 9.312737E-17 
 8594.00 9.032851E-17 
 8596.00 1.005916E-16 
 8598.00 9.963046E-17 
 8600.00 1.099362E-16 
 8602.00 1.107670E-16 
 8604.00 1.053338E-16 
 8606.00 9.432126E-17 
 8608.00 8.723428E-17 
 8610.00 7.972723E-17 
 8612.00 9.383481E-17 
 8614.00 1.068287E-16 
 8616.00 1.027946E-16 
 8618.00 1.050931E-16 
 8620.00 1.037707E-16 
 8622.00 9.462737E-17 
 8624.00 9.605248E-17 
 8626.00 1.027667E-16 
 8628.00 9.636274E-17 
 8630.00 7.768154E-17 
 8632.00 8.994722E-17 
 8634.00 1.032084E-16 
 8636.00 9.633827E-17 
 8638.00 9.041367E-17 
 8640.00 1.085095E-16 
 8642.00 1.025298E-16 
 8644.00 8.445543E-17 
 8646.00 9.864575E-17 
 8648.00 9.488609E-17 
 8650.00 9.188821E-17 
 8652.00 9.519623E-17 
 8654.00 8.968663E-17 
 8656.00 9.225402E-17 
 8658.00 1.002106E-16 
 8660.00 1.139555E-16 
 8662.00 1.053077E-16 
 8664.00 9.319504E-17 
 8666.00 9.085042E-17 
 8668.00 9.692424E-17 
 8670.00 9.400590E-17 
 8672.00 1.022151E-16 
 8674.00 1.042829E-16 
 8676.00 1.094150E-16 
 8678.00 1.022905E-16 
 8680.00 9.147767E-17 
 8682.00 8.672259E-17 
 8684.00 9.479944E-17 
 8686.00 9.546891E-17 
 8688.00 8.837978E-17 
 8690.00 8.677211E-17 
 8692.00 9.643934E-17 
 8694.00 9.841712E-17 
 8696.00 9.806437E-17 
 8698.00 1.020041E-16 
 8700.00 1.095906E-16 
 8702.00 1.039359E-16 
 8704.00 9.692714E-17 
 8706.00 1.055601E-16 
 8708.00 9.741064E-17 
 8710.00 8.861701E-17 
 8712.00 8.796427E-17 
 8714.00 9.042888E-17 
 8716.00 9.759571E-17 
 8718.00 1.080633E-16 
 8720.00 1.006094E-16 
 8722.00 1.042269E-16 
 8724.00 9.453422E-17 
 8726.00 9.476872E-17 
 8728.00 1.112877E-16 
 8730.00 1.050383E-16 
 8732.00 9.977348E-17 
 8734.00 9.918324E-17 
 8736.00 9.844490E-17 
 8738.00 1.092905E-16 
 8740.00 1.144727E-16 
 8742.00 1.088897E-16 
 8744.00 1.079757E-16 
 8746.00 9.555685E-17 
 8748.00 9.230698E-17 
 8750.00 8.656943E-17 
 8752.00 9.180303E-17 
 8754.00 9.388028E-17 
 8756.00 9.620638E-17 
 8758.00 1.034644E-16 
 8760.00 1.168778E-16 
 8762.00 1.344270E-16 
 8764.00 7.039806E-17 
 8766.00 9.576018E-17 
 8768.00 1.134577E-16 
 8770.00 6.755634E-17 
 8772.00 3.160430E-17 
 8774.00 5.770850E-17 
 8776.00 1.041522E-16 
 8778.00 1.212465E-16 
 8780.00 9.239891E-17 
 8782.00 1.310789E-16 
 8784.00 1.332280E-16 
 8786.00 1.216907E-16 
 8788.00 1.045831E-16 
 8790.00 1.008425E-16 
 8792.00 1.111623E-16 
 8794.00 9.241059E-17 
 8796.00 6.839872E-17 
 8798.00 7.537669E-17 
 8800.00 8.927805E-17 
 8802.00 1.004174E-16 
 8804.00 1.012383E-16 
 8806.00 9.509894E-17 
 8808.00 9.390950E-17 
 8810.00 9.294571E-17 
 8812.00 1.098972E-16 
 8814.00 1.096972E-16 
 8816.00 1.035299E-16 
 8818.00 9.905777E-17 
 8820.00 9.117616E-17 
 8822.00 7.867476E-17 
 8824.00 8.889883E-17 
 8826.00 1.148497E-16 
 8828.00 1.434537E-16 
 8830.00 1.700419E-16 
 8832.00 1.937623E-16 
 8834.00 1.756963E-16 
 8836.00 1.108880E-16 
 8838.00 8.954685E-17 
 8840.00 3.506614E-17 
 8842.00 4.484381E-17 
 8844.00 6.971654E-17 
 8846.00 7.212597E-17 
 8848.00 7.725780E-17 
 8850.00 9.438735E-17 
 8852.00 1.058378E-16 
 8854.00 1.203322E-16 
 8856.00 1.215553E-16 
 8858.00 1.108881E-16 
 8860.00 1.040334E-16 
 8862.00 9.975954E-17 
 8864.00 1.003983E-16 
 8866.00 1.148569E-16 
 8868.00 1.167105E-16 
 8870.00 7.435180E-17 
 8872.00 8.221719E-17 
 8874.00 7.995818E-17 
 8876.00 9.271024E-17 
 8878.00 1.061937E-16 
 8880.00 1.100846E-16 
 8882.00 1.021035E-16 
 8884.00 1.046161E-16 
 8886.00 1.552165E-16 
 8888.00 7.842845E-17 
 8890.00 -1.137203E-17 
 8892.00 -9.561072E-18 
 8894.00 2.833930E-17 
 8896.00 8.156612E-17 
 8898.00 8.499185E-17 
 8900.00 7.375383E-17 
 8902.00 1.189941E-16 
 8904.00 1.114004E-16 
 8906.00 9.670755E-17 
 8908.00 9.927420E-17 
 8910.00 9.998700E-17 
 8912.00 9.201615E-17 
 8914.00 8.577181E-17 
 8916.00 7.453380E-17 
 8918.00 1.287201E-16 
 8920.00 1.644283E-16 
 8922.00 1.483320E-16 
 8924.00 1.575013E-16 
 8926.00 1.757121E-16 
 8928.00 1.053727E-16 
 8930.00 1.123591E-16 
 8932.00 1.074193E-16 
 8934.00 9.773787E-17 
 8936.00 1.016497E-16 
 8938.00 9.551863E-17 
 8940.00 9.561025E-17 
 8942.00 1.111802E-16 
 8944.00 1.191386E-16 
 8946.00 1.242211E-16 
 8948.00 1.231438E-16 
 8950.00 1.243954E-16 
 8952.00 1.076655E-16 
 8954.00 1.058378E-16 
 8956.00 1.298777E-16 
 8958.00 1.406223E-16 
 8960.00 5.507001E-17 
 8962.00 1.879430E-17 
 8964.00 -1.911511E-17 
 8966.00 4.097700E-17 
 8968.00 6.894399E-17 
 8970.00 8.229875E-17 
 8972.00 9.455248E-17 
 8974.00 1.038152E-16 
 8976.00 1.032305E-16 
 8978.00 9.635310E-17 
 8980.00 1.136307E-16 
 8982.00 1.140592E-16 
 8984.00 1.056408E-16 
 8986.00 1.054548E-16 
 8988.00 1.156670E-16 
 8990.00 9.733953E-17 
 8992.00 7.497545E-17 
 8994.00 7.112927E-17 
 8996.00 8.742246E-17 
 8998.00 1.023714E-16 
 9000.00 1.116450E-16 
