# SIMPLE = True
# BITPIX = 8
# NAXIS = 0
# EXTEND = True
# VERSPYT = 3.7.6
# VERSNPY = 1.17.5
# VERSSCI = 1.4.1
# VERSAST = 4.0.1.post1
# VERSSKL = 0.23.1
# VERSPYP = 1.0.5
# DATE = 2020-12-23
# RA = 70.9428606026723
# DEC = 28.9685350441627
# TARGET = ZTF20acytgxf
# DISPNAME = Grism_4
# DECKER = Slit_1.0
# BINNING = 1,1
# MJD = 59206.0304880787
# AIRMASS = 1.02230484509077
# EXPTIME = 600.0
# FILENAME = ALDl220081.fits
# INSTRUME = ALFOSC_FASU
# PYPELINE = MultiSlit
# PYP_SPEC = not_alfosc
# TELESCOP = NOT
# LON-OBS = 17.88432979
# LAT-OBS = 28.7543303
# ALT-OBS = 2465.5
# CHECKSUM = 6WWJ8WVH6WVH6WVH
# DATASUM = 0
3852.3896545556195 6.772192343955951 1.3083341836806788
3855.387117699616 8.34983829917781 1.3175085756902012
3858.385953643156 9.778154477034832 1.3237082158233149
3862.8977903555005 8.529636129792543 0.9052468986217457
3867.390631277636 8.373727511908099 1.2705477375639225
3870.395089693023 4.686659532490048 1.183933172914532
3873.4008086776853 5.690968001580396 1.1835211038865412
3876.407983690571 9.468383656342596 1.2523476808241814
3879.416392965955 8.330662057093777 1.2165236417261114
3883.9421164073137 8.875177744426454 0.8439602427556564
3888.4501469669667 6.343608226479553 1.134271903333357
3891.4639704849683 10.113544172151535 1.2030596895962442
3894.4792564999743 10.782384124002045 1.2284742111099929
3897.4958986116017 9.460623420354908 1.1925927745738716
3900.513923479622 8.134312462714428 1.1644197208788563
3905.0533376824046 8.852215888965402 0.8366189282888332
3909.5760687434745 8.976209097268809 1.1878749085649734
3912.5994800919266 4.849327866604754 1.0999285468417606
3915.6242353102857 10.049549814963209 1.1519794893627413
3918.6503457210993 8.581962260515839 1.1323040436681746
3921.677792874686 7.892849983136039 1.1073621978428951
3926.230792477958 9.48874529526024 0.7801563380388588
3930.768425021446 7.71239079698602 1.015397632633424
3933.800951196951 7.771209520083339 1.0299250146019474
3936.8350740897517 10.349012975803854 1.0737550151429696
3939.8705486834465 9.737486930438656 1.0455627667143192
3942.9073196098575 8.796148299392474 1.0669901118635887
3945.9451267897084 7.841073397863218 1.0558076712879048
3950.5138248083654 8.332503816042694 0.7465866711059267
3955.0676942339737 9.218833976721976 1.0745326673323778
3958.1110906243152 8.822329986295092 1.0331594514163032
3961.1556562144483 4.780083431680814 0.9784096803032198
3964.201599723517 6.54098603620162 0.9393702257015274
3967.248996470774 6.086806958461958 0.909823109497724
3971.830945780352 6.474771377468033 0.6587301801160539
3976.399051113909 8.09671340770228 0.9645193475640752
3979.4515028371875 7.854389257976921 0.9748033925781668
3982.5053952472017 7.712792472234388 0.9974141006816598
3985.560552329073 11.026377916837061 1.0472548993870623
3988.6170036601793 8.55136679478528 1.0042719024249804
3991.674756919742 8.61862951678387 0.9877414878795973
3996.271615775953 7.461704191088654 0.6949903957504103
4000.855759604803 7.562098173644898 0.9665094196592962
4003.918685431555 6.919371807895553 0.9629871718419829
4006.9828905046643 8.572972388213154 0.9813321786906324
4010.0483614194063 8.021027840846223 0.9783426159772326
4013.1147935148256 8.351771801284182 0.9843335606857185
4017.7248912481045 7.992344441285234 0.6820848824914297
4022.3231788556727 9.17808333668118 0.9631977561373948
4025.395014191378 7.1900538912351655 0.9342572101085272
4028.4681015384112 9.2536414147174 0.9542476266820502
4031.542500880287 6.972729998824832 0.9237423038805773
4034.6178266213597 7.322185508974107 0.9213009805574637
4037.6951124816064 6.014206597547034 0.9065224063505057
4042.3198087422475 8.39370491557713 0.6575309245997888
4046.9335349642706 9.135584575441136 0.9403353717967018
4050.0155268715453 9.621089084174024 0.9432982896681866
4053.0988086104708 7.338929022494328 0.9017227702301026
4056.183260120697 9.171834980074037 0.9298141011300863
4059.2690227525436 8.390241215333594 0.9285957305940971
4062.3560091885406 8.261192986380575 0.9114141168952358
4066.9954002542627 8.439919405655116 0.6383175879572343
4071.624490524484 8.9463253660278 0.9141028332390665
4074.716410580974 8.31826783139654 0.9009602952119563
4077.8096949732712 8.299076131676156 0.905824514269986
4080.9041436054545 8.866486952584776 0.8982391435299889
4083.9998428697922 8.579014413498395 0.8866451214615264
4087.096740072843 6.910832784788403 0.8629934846783003
4090.1949354635763 9.57765583736414 0.9031197036952727
4094.8506877176173 10.535477841189552 0.643118945594213
4099.496787327482 6.31284572780755 0.8285546699248463
4102.599866192852 10.359865216802918 0.8911285210151236
4105.70420796758 8.929715394484377 0.8586629362551419
4108.809664697438 7.734133386180791 0.8423491972711397
4111.916429893897 8.554655856546685 0.8646715824533519
4115.024351917858 8.10475489988389 0.8616916005525296
4119.694532505341 7.949874119192611 0.6034853199356727
4124.355493157243 7.798019769267973 0.8374598809963292
4127.468283252703 8.37645242150496 0.843655288427225
4130.58230137284 10.231401884767292 0.8725894370380576
4133.697497523636 7.323445576752919 0.8287137814001578
4136.813929350371 8.44621502431507 0.8449536685864121
4139.9315415250685 8.03765040289845 0.8318738105372626
4143.050237062278 9.106264705072242 0.8392765010899035
4147.736646008861 8.884846816470741 0.5920397805680722
4152.413804352086 8.027024501114509 0.8202046403069396
4155.5379669738495 11.835082760315979 0.8759911036775843
4158.66239559097 8.66671861042701 0.8324109148833944
4161.788753120382 8.44017196306372 0.8273411967279697
4164.915533737898 9.224461620690283 0.8371221318593235
4168.043881773572 8.584741216286542 0.8345611346916874
4171.173418510182 9.021651991167708 0.8322587087277205
4175.875571760232 9.80085523226849 0.5831770245835116
4180.569061142133 8.338462032023902 0.798211306327446
4183.7033359642455 9.808137555519691 0.8126220862398448
4186.839249223849 10.74719240403015 0.8297362229357881
4189.975336089443 8.0415900807816 0.7878417650141993
4193.113079090274 9.558697118219307 0.8044588563175471
4196.252024584488 7.765752141156765 0.7743045636851122
4199.392085387297 8.451151473174379 0.7866866226073862
4204.109915097558 8.418270790894763 0.5532480304595
4208.81935809203 9.980003516056785 0.8090039208036877
4211.964093907421 9.833399502364852 0.796515659983684
4215.109992199569 8.781887215075471 0.7836049037523198
4218.257035414946 9.703791518846616 0.7892850021689269
4221.40523961017 10.00518361453015 0.8005684006966273
4224.554591048744 10.400494454273117 0.798817106875227
4227.70508168971 10.092188816410923 0.782817299887405
4230.856733743161 8.653887761808223 0.7643508251739932
4235.591538364774 8.614110452782787 0.5404702785955701
4240.318518189481 8.676336187071767 0.7645044461777484
4243.4747601851695 7.169131581529573 0.7421059860965138
4246.632108554487 8.437035422267849 0.7671604355471979
4249.790601936817 9.29606954757332 0.773378490632225
4252.950447723564 7.899117779744884 0.7540870317682374
4256.110995653267 10.427727310724975 0.7909441334291204
4259.272864141703 9.192018370505822 0.7624692401068545
4262.435888657776 9.528183846986334 0.7765479882816277
4267.187465575153 9.589535352365782 0.5400515949107244
4271.931706161826 9.016742684100663 0.7502171003756083
4275.099205644084 9.132091342324212 0.7536783691150231
4278.267900859408 10.512879370749877 0.7768424536407381
4281.437599699155 9.186103026636594 0.7491762975237013
4284.60845624666 8.550332638850115 0.7402237673275448
4287.780438222932 9.420899308740402 0.7506082554210856
4290.953541053401 8.214922069116978 0.7258823673021022
4294.1277408017395 8.748044580920883 0.7278126609958566
4298.895669271551 9.17832162011049 0.511800313272434
4303.65701231271 10.348395431787093 0.7364520896156059
4306.83562104833 8.733059486198776 0.7070145153311441
4310.015165353688 7.767057311184727 0.6884214813253161
4313.19617518418 9.048729009359487 0.7374892734982228
4316.37811379354 9.357793439054943 0.7408786311273144
4319.561134888014 7.994483226185174 0.7171893597889709
4322.745284790497 7.982495935593278 0.7100205857205183
4325.930461910807 8.364554573081833 0.7259050532493072
4330.714462882247 8.728510724443876 0.5123047739082391
4335.4926377790625 7.612795775016273 0.7013994010032694
4338.682200626608 8.916367630103124 0.7094083459961489
4341.872847530318 8.590618961252165 0.7194521175047892
4345.06450858072 8.058800776549285 0.70090145755282
4348.2573753306315 7.685957295671574 0.6931550273441698
4351.451250489332 9.457408399490092 0.727469546695934
4354.646235142289 9.305016729965248 0.7308111646619898
4357.8422574077595 9.029560231136733 0.7261272232964873
4361.039384497831 9.319726533333112 0.7474090013760759
4365.840727606129 8.448011963304678 0.5082736237317851
4370.6371221129675 9.955475916431899 0.7330492103298231
4373.838504808001 10.886071893238503 0.7373382706138704
4377.041016107414 8.54780703339815 0.707641795716827
4380.244465034296 10.096115999653257 0.7300746149117243
4383.449032887631 9.75308384752214 0.7201182905921155
4386.6546821001675 9.860560620685211 0.7195840119554214
4389.86135308228 6.616719814692838 0.6676469119847219
4393.06907562866 9.018700156047666 0.7117663637610372
4396.277886752677 8.867659046443446 0.7075675772174751
4401.096463981102 10.021537187432672 0.5075269465498816
4405.910559360973 9.306623612175837 0.7148878488758489
4409.12356508901 9.731076757484704 0.7248366793872274
4412.3375783571555 8.975928419694743 0.7133124112352358
4415.552667377054 8.618599833379848 0.7045591961238131
4418.7687795594975 7.451559244979391 0.7004130179619231
4421.98595023284 9.61340778572413 0.7224861963420182
4425.204135393205 8.79980139197894 0.7112485832114789
4428.423377395893 10.095710439832233 0.7212154891027796
4431.643651451575 8.28431700346361 0.6925401451437916
4434.864958654568 11.35055767160835 0.7364271930811307
4439.702193960655 9.36432429039851 0.501787836036733
4444.535014063575 8.735660160655762 0.6955486266723417
4447.760431974774 10.017290185071062 0.709237915014947
4450.987306778114 10.525937844431 0.7225532781470734
4454.214806641993 9.03705451485803 0.6913184718398993
4457.442803380219 10.027054166200339 0.7086606909929734
4460.672307976264 8.513324268465885 0.6844258935620211
4463.9028106477435 9.284629725821556 0.6899573451231319
4467.134352142981 9.866233384952475 0.7020259921185216
4470.366887430728 9.961679782114947 0.7082285740147131
4473.600355193384 9.138457710741545 0.6958618060557247
4478.456219158462 9.493793559703601 0.4886652379035672
4483.307159290269 9.512964082817103 0.703516926549419
4486.544753253027 9.919071859800862 0.7004179094582934
4489.7833319002775 9.327232144972951 0.6896267002867933
4493.022929106909 7.80132184932911 0.6706981961825641
4496.2635103602615 9.433964722017393 0.6785401629094225
4499.505107545289 8.91408151633091 0.6854425195100341
4502.747680425072 8.631219610717729 0.6826598283179398
4505.991280758466 8.93605642458377 0.6897616770919319
4509.235840511055 9.521465908139508 0.6937515596443209
4512.481323168857 8.600833839236143 0.6798155471773092
4515.727958738638 8.878714813553326 0.6759878662491086
4520.603414434997 8.885566763012376 0.4746874890056702
4525.4735597251165 10.767792926917727 0.6954426302468375
4528.724049601478 9.062858098217927 0.6691232502048211
4531.975543428564 9.384520857803066 0.6671648804697011
4535.227987983545 8.26506151900675 0.6573593544686448
4538.48142107712 9.809223411018532 0.6794678595390029
4541.7358321275915 9.452742881958637 0.6708796120336139
4544.991309049685 9.708102749057241 0.6682110042717392
4548.247215068067 9.632845844230657 0.674455234509418
4551.5049354205485 10.511666109141213 0.6828392652565339
4554.763029538493 9.102064768355588 0.6581001524235547
4558.022491541688 9.712135934539994 0.6693459782013875
4561.282739886107 8.839804615742421 0.6548454420390701
4566.178648116635 9.876634833647334 0.47383227718853044
4571.069235442007 8.316208807782704 0.6466096924030815
4574.333483001614 9.059318864791445 0.6584399242673522
4577.598350942441 9.188790619331474 0.6554164211573529
4580.864353930771 11.143673463531346 0.6784174579516461
4584.131309045806 10.38884465573693 0.6701689431043785
4587.3992196519885 9.724669721994616 0.6608396948237205
4590.668394949717 8.729772982408903 0.6332835325307075
4593.937892197349 10.068971074004395 0.6568072417913078
4597.208828447389 10.053611800832151 0.64816970991054
4600.480359241256 10.181835768532553 0.6554117653636304
4603.753007070242 9.657756598263685 0.6471942165618191
4607.02659615333 9.820096236398147 0.6493946758055773
4611.942328926489 10.138464410611755 0.45997782124941816
4616.853021464752 10.167860256348966 0.6490400570584848
4620.130372550704 8.784372195096324 0.6324079215005407
4623.408678769385 10.099368592354802 0.6493578518931238
4626.687884980174 10.101143220091533 0.6452323571610022
4629.968034147892 10.701620365143192 0.6511035511861358
4633.2491258251475 10.58035984407165 0.6456138258379083
4636.531129696027 10.337706656928768 0.6438179641152428
4639.814071505933 9.975655055109403 0.6386488028012963
4643.097929987098 10.10444380623248 0.6387907705819111
4646.382734582116 10.121349684423715 0.6368539361087764
4649.668436928663 9.29771710865547 0.6249858801690367
4652.955073828165 11.13119629933691 0.6455292956274435
4656.242620619712 9.829203275708245 0.6364285944465956
4661.178792165263 9.744201612672237 0.4413024089684809
4666.110771860912 10.529961695452739 0.6335833779355541
4669.401969071968 9.500478056018348 0.6202567616535262
4672.694105999594 10.392086469487712 0.631555531691542
4675.987137811476 10.961991143377832 0.6388949155202941
4679.28107197208 9.571879751889592 0.6236682219981834
4682.575923673523 11.048802662135845 0.6389744191407555
4685.871681563427 10.962195027615039 0.6389019805409614
4689.168328435635 10.635957700912224 0.6349753397350046
4692.465887103873 9.39245554004287 0.6178763959077369
4695.7643362676945 9.853307870438922 0.6251866108014145
4699.06369105866 11.246992340062674 0.6363695639023829
4702.363949734357 10.17812949776432 0.6247131827292328
4705.665097596315 11.564911191584264 0.633761147535529
4710.621248651549 9.820917386359497 0.4348277047982567
4715.573902303598 10.50655866422446 0.6244521764924791
4718.87860940938 9.420260663624116 0.6089202967757557
4722.183679140953 10.416752227521767 0.6173435686854272
4725.490579080619 11.145324553933873 0.631393460842064
4728.797854788393 9.414863926264601 0.6049616960327652
4732.10632437595 9.853481373927135 0.6057730530756155
4735.4154551802885 10.953870193628365 0.623109407196859
4738.725491913074 11.774737704539257 0.6306263961833022
4742.036337887051 11.480904000700663 0.6302156084047248
4745.348544641566 12.733313021675492 0.6384276005010416
4748.660799160052 10.43842147773349 0.6165193037629437
4751.974297769799 11.085788725549358 0.6199483445164741
4755.288688595859 11.244795492210036 0.6255835568672682
4758.60395817329 11.72755195838857 0.6202483552427424
4761.920066998264 10.250008617471 0.6027184022571137
4766.898453128856 10.56681811263626 0.42824107050685417
4771.873656918221 10.223070404233825 0.6043760582242141
4775.193245995657 10.134939777503293 0.6004127251334196
4778.5136978364735 10.069077146442588 0.6027939517654443
4781.835005326017 9.820121503683763 0.5963914958158475
4785.15717558848 10.664701308376058 0.6117357031016765
4788.480323513254 10.760194702966423 0.612535732972255
4791.804079206153 10.115106023197056 0.5995445340282041
4795.128806062916 9.383139443938688 0.5840724610500483
4798.453873959935 9.491347286804865 0.5916896794070174
4801.780837651121 11.41788052922747 0.6129612553307783
4805.108113871572 9.477803799450205 0.5899081749105201
4808.436252259973 10.131503007853956 0.6005885742645598
4811.764877867638 9.533373838591489 0.5858378397397158
4815.095040931192 9.376759159245173 0.5873656554002951
4818.425718300536 10.21770686703475 0.6001764449208087
4821.757222584949 8.519356544615425 0.5773944997065291
4825.089570137486 8.803300210408683 0.5835339649945362
4830.092304248556 9.977003935783758 0.41854802831632015
4835.091737133479 9.64524402908998 0.5817732208081314
4838.427329174436 9.946529350160185 0.5903084767400721
4841.763842118865 8.968553447014145 0.5778891077379577
4845.101446939884 9.791170442902628 0.5804456557162339
4848.439384527936 9.466733382535615 0.5786183888665357
4851.778403089917 8.757407320298151 0.5662748516209657
4855.118232135714 9.967169300123876 0.5800054145425112
4858.458913268005 10.047408423432648 0.5725201869982549
4861.800365018886 8.588245701884611 0.5578701180136784
4865.142655183529 9.85780893358469 0.5683012837403472
4868.486046454605 8.57134619004489 0.5716645391320083
4871.829773468347 9.942800418505769 0.5705028446517655
4875.174534947908 10.459684229271282 0.581095874260966
4878.520063046795 9.304019573600176 0.5697508392877713
4881.866499177995 9.16627642348606 0.5719688607125669
4885.213726400821 9.316425051578612 0.5709428503747375
4888.56173327507 8.563763234313873 0.5602615192141421
4891.910573223043 9.443363671578147 0.5714113706990286
4896.938069610829 9.478422618888242 0.40446513051649174
4901.96194741789 8.596849193603601 0.5616527450832085
4905.313963029643 9.37925549028689 0.5719195448421431
4908.666819960588 8.876041739302643 0.5633595630171703
4912.020478382299 9.94630473081003 0.5772998482199869
4915.374946081309 9.138900410632912 0.5544906487338446
4918.730189222227 9.440959794457994 0.5636600867425604
4922.086267042869 10.350619245350975 0.573225243807903
4925.443312479744 9.822278049303113 0.5689664768905132
4928.800779306816 9.737706281904138 0.5644560094005151
4932.159187167196 9.513344557562789 0.5663114513566574
4935.518413328821 10.776389935866998 0.5829180756441069
4938.878495650173 8.183410464123034 0.5524002921302447
4942.239252528519 9.57367255899099 0.5627239242442709
4945.600836067082 8.984199397362946 0.5601140704287716
4948.963213972122 9.060728538996685 0.5698615456240905
4952.326385601833 10.088287395205947 0.5733513395831431
4955.690103801788 10.820448150485491 0.5797685641006399
4959.055067612757 12.05786490688204 0.600065923758969
4962.420565152586 10.643888844565492 0.580827869922087
4965.7868555742825 11.638005113111653 0.5965202517470807
4970.839966879774 11.07036970302465 0.4133199126350691
4975.890363469206 11.11756924971135 0.5849992941915387
4979.25974608557 10.694913704892764 0.5718509342891782
4982.629899859548 10.549309917317222 0.571018529813394
4986.00083118131 10.039592038286111 0.5718604610244485
4989.372576209103 10.851683893079658 0.571185940619846
4992.744970071186 9.694452208609167 0.5683941034101757
4996.118215300938 10.44404693878733 0.5679931000812641
4999.492198513253 10.560923941719606 0.5666479116457447
5002.866943409323 10.758501817992514 0.5717166969355347
5006.242462864554 10.900878117553324 0.5689204902500561
5009.6187259073195 10.937170272432908 0.5721808557485022
5012.99577510416 10.011641896094158 0.5581509437341067
5016.373549636106 9.639396874591293 0.5530649097902206
5019.75209605021 10.426334922090895 0.5650383954701705
5023.131417592284 10.126008993291322 0.559078723144059
5026.511442138166 9.592878192105859 0.5528686262606616
5029.891948655889 9.217513738754192 0.5474813796298963
5033.273804382008 10.313361434035206 0.5608706438947819
5036.6561037585525 9.644307129094658 0.551328034235069
5040.039164288412 10.00437378283506 0.5547387774856788
5043.422948356874 9.77461316764514 0.5477550221106532
5046.807466824795 10.469400859278638 0.5532160438003143
5050.192783474514 11.654411274482138 0.5700655700934518
5055.27372259675 9.79729137303633 0.39207809545291133
5060.3530749830725 10.954038631847478 0.5622532108484621
5063.741311600975 9.374604513776452 0.5429831540464926
5067.130289573808 11.001433191408367 0.5611431700742028
5070.52000619154 11.624573318940167 0.5687236243067642
5073.910459871654 10.238379161097887 0.5550616863175161
5077.301663475989 10.021643391741373 0.541623902276869
5080.693528012141 9.20306419658503 0.5405944800840189
5084.08619237123 10.567659100857696 0.550508242771609
5087.479816135314 10.476532762620646 0.5490255840229205
5090.873645786507 10.630147821193587 0.5564318909990477
5094.268458218025 8.815183173967716 0.5348530368476611
5097.664079353438 9.585723782023724 0.5413832484522847
5101.060269164616 9.591485304135183 0.5434645670997736
5104.457269654605 9.617540592953443 0.5425276706169987
5107.854960102458 11.17284865610267 0.5604748503609602
5111.253387776402 11.523393557649392 0.5660315961047256
5114.652540577193 10.911060303640781 0.5537517339279397
5118.052534994705 9.556682297346889 0.53682062681095
5121.452955567425 10.781790032479138 0.5483975383252588
5124.854269833499 9.29535379717363 0.5385409994291288
5128.256253734924 10.553153405958463 0.5457841693588064
5131.658993097384 10.588136019939418 0.5426592992776952
5135.062384889632 9.355465455465279 0.5287710814212554
5138.46651709206 10.51431606212475 0.5409156437269742
5141.8713498516045 8.863182746489057 0.5227476587196308
5145.276880237824 9.246462092293974 0.5247525284174953
5148.683415383593 9.779288628527954 0.5319640159274422
5153.795274786034 10.140890224655355 0.3783086370269804
5158.9061267639745 9.544983605020777 0.5284253916697952
5162.315052257397 10.578919162423022 0.5377371324086984
5165.724842122034 10.239879927622637 0.5227065510451363
5169.135293359285 10.66721296206635 0.5335428608964313
5172.546448470732 10.728107286213225 0.532435598467969
5175.9582565324 9.677017592786006 0.5172482200184481
5179.370776247201 10.192184443085734 0.5267726940768386
5182.783977549587 8.786483252375202 0.513232260211461
5186.197774575137 9.583470949204665 0.5200061805808416
5189.61247708049 9.940604818991336 0.5213735715736175
5193.027751730086 9.935691113080003 0.5256142329022563
5196.443702985435 10.617177037511443 0.5340525544617535
5199.860316296349 10.568921201026063 0.537626327667286
5203.277674505504 9.572286083702787 0.5194532557620467
5206.695677419964 10.526978653757345 0.5306929410037143
5210.114385995621 9.929939442991953 0.5270517958039141
5213.533746403876 9.461246551425742 0.5131476929411186
5216.953792956968 9.604952776091729 0.517432380491458
5220.374509927351 9.422146348984628 0.5158529111970417
5223.795922600206 9.492657196078628 0.5141660359949253
5227.218023142813 10.379975540894867 0.5256673694869097
5230.640746793963 10.547609410081586 0.5267989238921591
5234.064143752353 10.252222323053443 0.5226196665004208
5237.488235342127 8.754978175961496 0.5078864028967227
5240.912978308632 9.51517668014006 0.513976055884074
5244.338044973102 11.053946770260671 0.5343831040586647
5247.764574960547 10.045191007259618 0.5207023809499599
5251.191254143605 10.901466697473808 0.5308724435716944
5254.617675482923 9.723523886212627 0.5219382900192809
5258.0467573024125 9.410696402089622 0.512102613866964
5261.475490722152 9.37797495895949 0.5040153439414312
5264.904887799047 9.822861192507421 0.5067740603031218
5268.334965970137 10.313478822790769 0.5141513239341785
5271.765673715512 9.769590743936886 0.5099966650838569
5275.196890879155 9.447736403039691 0.5060971389420503
5280.346832551799 10.094551010271818 0.3630026170954822
5285.495106932195 9.433632002559698 0.5053484235265299
5288.929082224384 10.413753079001395 0.5175406448303895
5292.363721320557 10.41586339684098 0.5157601270428485
5295.799008803135 10.183047921182904 0.5098193818428791
5299.234939341517 10.105940267724074 0.5147668561627534
5302.671509721622 9.346724500716716 0.5081612561328503
5306.108731624922 10.721294051904586 0.5258764404791357
5309.546606864879 10.293598647663467 0.5191416620765179
5312.985115828882 10.654288181779162 0.5194650654263849
5316.424276527061 10.37429593452038 0.5181900457052397
5319.864060044395 9.587558877013826 0.5049679381573786
5323.30449880326 10.913067573311379 0.5208431036087625
5326.745564481635 10.092988793744935 0.5086104385711359
5330.187253687893 9.899446825351795 0.5050227786087663
5333.6296126232455 10.395900603834411 0.5101839639967874
5337.0725593526895 9.925195886755107 0.5088587896854281
5340.516183669507 9.613512631214622 0.5067143493206157
5343.9598492719315 9.874048160165653 0.5037261731723368
5347.40528308091 9.976253977548076 0.5063359432486644
5350.85080999038 10.509847830765377 0.5126932086555868
5354.296875605777 9.84531992651396 0.5099906989105235
5357.743641499383 8.413540161593387 0.4923776749583114
5361.191028570504 10.155794745026615 0.5055662452230377
5364.639037130382 10.054448928079854 0.502899338471807
5368.087638252705 9.490515598172726 0.49865857825720883
5371.536908810947 11.059307697321083 0.5163629340992557
5374.986407577453 9.754450255529276 0.499060127235198
5378.437267221317 9.382402546048372 0.4973264595756786
5381.888366716893 10.918995151218173 0.5138605940296815
5385.3400942063745 10.63673551541604 0.5066078261472844
5388.792417992898 10.798902550712452 0.5102097104293556
5392.245370076349 10.607420592810676 0.5089628268842383
5395.698931000164 9.397171816888262 0.49136988998581105
5399.153096899268 9.037271006289927 0.4835322523454019
5402.607898686328 9.9738015479673 0.49296489498700075
5406.063298296717 10.0293592453328 0.49615005579529065
5409.519308625024 10.303681470584488 0.49780366369234796
5412.975908574971 9.029605235131323 0.48674046601320997
5416.433196394683 9.308519290866021 0.4908353366305679
5419.89097422137 10.650544126341941 0.5029990807167968
5423.349397409633 10.768361540307238 0.5022554476962466
5426.808420843908 10.510527167023648 0.49914376946743205
5430.268051799179 9.697069177083836 0.4913593845769643
5433.728296070082 10.437489324608753 0.4997632581444913
5437.1891212256705 8.815415706268988 0.48153209369522154
5440.650550575375 10.268029021913575 0.49397376922354347
5444.112259350459 9.581965026347957 0.486556796495668
5447.575205569792 11.057101634855735 0.504460040824388
5451.038428408101 9.380336844860551 0.4890703788424398
5456.235459290776 10.129433557195773 0.35045905221728774
5461.43164325851 10.43128812014512 0.49666552883263443
5464.897247263454 9.956706679532227 0.4967764435185266
5468.363407403161 10.074658063555857 0.4947607344451531
5471.830169123261 10.537361161889676 0.4991722108708752
5475.297514893436 8.802750370096408 0.4731862594648779
5478.76545714135 10.23406232424255 0.49288744757039155
5482.2347698603235 9.947637679824117 0.4950775043644379
5485.703073411503 10.089864583092234 0.4919261231879167
5489.172751499863 9.861362853360061 0.48789367548216483
5492.643038837826 10.161112573779176 0.4869421268170195
5496.113865760062 9.136429426157923 0.48407485496210545
5499.585300816845 9.480382846533402 0.4873220716625701
5503.057280121358 9.504402278419303 0.4869796578059492
5506.529878741167 10.958395553368925 0.5006996163219911
5510.003018179431 9.303238075120644 0.4817868061852701
5513.476762067256 10.200347343132394 0.49356216257044416
5516.951054398322 9.636233327015706 0.4875667983564997
5520.425923051443 10.243185271362869 0.49202413519978333
5523.90136200028 10.471356005545903 0.49460745706278353
5527.377362043399 10.430795877273303 0.4962860960976642
5530.8537914484305 10.495250136607023 0.49415198547435457
5534.331186269278 8.764940576147737 0.4746507403379865
5537.8088295017915 10.394828381512903 0.4935616136029571
5541.287094114054 10.35992937897045 0.4933301038134464
5544.765933471701 8.919086280511527 0.47729385045460954
5548.245336554769 9.921275765220281 0.48985584134450516
5551.725341702126 9.637801190492942 0.4794249598285766
5555.205839050782 11.05505079202544 0.5025924011352254
5558.68704184883 9.82392361175295 0.4830334963285156
5562.168515852251 9.911424425087572 0.4880650430346132
5565.650796782077 10.3993464215746 0.49769211104427763
5569.133505253222 9.886796116035509 0.540428239252546
5572.6168254712 10.804593422361213 0.6665242788251624
5576.100697453613 9.919405653074204 0.6764884709336064
5579.58512671773 11.507851325652206 0.6858413245245402
5583.070102000124 10.095714943212428 0.6792142681327854
5586.555663652135 9.404256446032145 0.5782473995731501
5590.041764663469 10.866317901871357 0.49428870006261477
5593.528361424578 10.147569229165544 0.4848243206656344
5597.015535160827 9.716727125001928 0.48020024321164184
5600.503288296432 9.003278125447684 0.47212322064545426
5603.991520879933 10.670991587068018 0.4940572622810208
5607.480132791599 10.429456873312391 0.4907950814601786
5610.969667100922 9.935505114179328 0.48408286708274206
5614.459557586277 10.159480299365958 0.486692330693102
5617.950000992685 9.99604533861873 0.4863258526471794
5621.440975317029 9.90782325126113 0.4816347305004565
5624.932499317858 10.957829394049506 0.49252016579539315
5628.424595382022 10.794484320238265 0.4910221493117486
5631.917115067816 10.070502572553371 0.47955855336437475
5635.410070212603 10.007698459094346 0.4775026123923138
5638.903569357416 10.237134233049893 0.48244029620865087
5642.398118963346 9.684776995608352 0.47695581347786736
5645.892823456367 9.533876112979323 0.47423039797789446
5649.38810323319 10.797074273253195 0.49254295524021374
5652.883887547077 9.286142432206091 0.47109121345234856
5656.380199978386 10.519370479160619 0.48562520777219415
5659.877060121706 10.138163124917229 0.48296659759445215
5663.374430309706 9.937788078946086 0.47383397466627336
5666.872327219165 10.894538900791709 0.48698079614691303
5670.370762392263 10.989507166804772 0.4858904964783865
5673.869699978131 9.799422088436485 0.4748655865506029
5677.369178610166 10.214739308879007 0.47811998841578257
5680.869176770575 9.722561896403606 0.47806350970588196
5684.369680841165 11.033481010085666 0.4916097954671388
5687.870747436715 10.64727493273049 0.4852854001330281
5691.372257271599 10.090002786089658 0.4797511754907508
5694.874365483697 10.207554153475431 0.48436966530994346
5698.376983726108 10.322210399568407 0.4796251567703765
5701.880063431582 10.369627638787362 0.48402870866416414
5705.3836449200235 10.463447816366207 0.47806335119139004
5708.887824109818 10.21650091287752 0.47792553574097574
5712.392456061963 9.546946475399052 0.47225613766465874
5715.897633950758 10.512162356587217 0.4806381316298261
5719.403311093823 10.406857713052384 0.4800467200148502
5722.909693901121 10.712663332880307 0.4814259266082374
5726.416186653138 9.740218622432712 0.47249028623730266
5729.923368336381 9.504213904836751 0.46936299061917397
5733.4310891495725 9.773287556140865 0.47308893020951803
5736.939301140174 10.08612702784525 0.4769283610189453
5740.448025301854 9.690036010061686 0.4705628524147152
5743.957235981512 9.807610884884973 0.47492745103645645
5747.466971539208 8.321507952920769 0.4539732149598806
5750.977189901267 10.422973463614388 0.4738229446431636
5754.487932089293 10.382732510436684 0.4770552182883548
5757.999138634906 9.86579026694353 0.4699507201982911
5761.511649094137 9.882469201375722 0.4656244486652548
5765.02381535293 9.561938670964434 0.4646150428204233
5768.5365840050445 9.96133383908178 0.46734581642130896
5772.049369796904 9.536348172843509 0.460858246454039
5775.562761269187 10.217557587609058 0.4749282191727169
5779.076954874005 9.46244854883501 0.4644011740764088
5782.591702641993 9.863433649653226 0.46911902611724554
5786.106847332945 9.300960589580118 0.4662393369422006
5789.622551970255 10.222339786681674 0.47384371827716965
5793.138708192581 10.688183634945348 0.47936359191168104
5796.655382982526 10.23793623862639 0.4793596312679859
5800.172532791631 10.118880765201622 0.47524193486693317
5803.690177356849 10.814461123237914 0.48176336316140256
5807.208203088157 10.561497308077685 0.4794110980092919
5810.726624597013 9.490915748662212 0.4656605267128705
5814.245986428699 9.242094221220308 0.46106039289294287
5817.765577054195 9.541418897195888 0.46876843829999254
5821.285615988577 10.264022267458943 0.4762633968158736
5824.806182502376 10.046470378933527 0.4744867797679022
5828.327454615818 10.41262877497704 0.476216080542731
5831.8487113066385 9.499537585659342 0.4666000114568956
5835.3703343344905 9.533883862697149 0.47035357565661173
5838.893147162597 10.235860862797924 0.476463520754084
5842.416059992286 8.83417823907205 0.4564405733029118
5845.939694557881 10.194252092211244 0.4741298812796537
5849.463358741457 9.451944971843842 0.46635572615882875
5852.987726862018 9.861702523872491 0.46687098923401965
5856.512546413098 9.213404830107478 0.4575374015752877
5860.037863742842 9.55284717211201 0.46807164465680584
5863.563626122335 9.84069633208671 0.4734509002086286
5867.089881036615 10.382317988898551 0.4821349357894628
5870.6166004416955 9.447465230472332 0.4714682787886138
5874.1437640401155 9.828679242608295 0.47495564149518477
5877.671428266743 10.067276376353709 0.47193234734547285
5881.200186956372 10.025118211898752 0.4884607301141806
5884.7281053500255 9.97379668964602 0.5254909818479677
5888.257169856585 9.680105650813907 0.5424877117585213
5891.786629897767 9.043554257679371 0.5601143092301467
5895.3166378771475 9.379632462848706 0.5628845610981357
5898.84707457758 8.066353274661163 0.5274840933904275
5902.377977418267 9.937339732834948 0.5163371226724112
5905.909347781045 8.78366919945738 0.47300630068773
5909.441132646625 9.5905536324678 0.46961967124457166
5912.973411960587 9.040322292451139 0.46203171291997397
5916.506143599999 9.272892172253508 0.4617609257126772
5920.039326874491 9.217814744039131 0.4656079057461535
5923.572964988873 9.10644137869493 0.46461219185271646
5927.107074210208 10.891284233057206 0.48461522374135957
5930.641621917819 9.297389434554935 0.4673670827656192
5934.176619302256 10.04914624182184 0.47421923897597856
5937.712089855646 9.787562208060987 0.4692536079314943
5941.247982111436 8.86539875202389 0.46254922871603
5944.783799476018 10.053076875526301 0.4680516729732353
5948.321143938316 10.116214392546752 0.4703400872093268
5951.858397192616 8.856561808914737 0.45688827518395014
5955.396084223042 9.497481127868294 0.4665167309774935
5958.9342500699595 9.854807023111903 0.46925135167620163
5962.472838738988 8.941926767993179 0.4554168350011697
5966.011870071756 9.590639664356095 0.4646622760805723
5969.551345641319 9.459048372066794 0.4614091446892023
5973.091270101189 9.074362291324535 0.45714309593978825
5976.6316394805635 9.229516718690867 0.4576329759251355
5980.172440693178 9.044836092028422 0.4564204383842598
5983.713686399399 8.357208430763178 0.44357241952067156
5987.25538523093 9.562630400384931 0.4601423474493129
5990.797475296004 9.957627372718385 0.46098165510946604
5994.340071945219 9.459917033895396 0.4543711422088675
5997.883064172159 10.180999829316372 0.46589202479691555
6001.42650042697 10.142146853236321 0.46850356627101497
6004.970436027031 10.04506837806058 0.4630355161586544
6008.514675946214 10.639882055708512 0.4704572919352119
6012.0594119481 9.741694725525804 0.45947683190562294
6015.604592915092 9.152975125716848 0.44817270108987745
6019.149953245078 8.868013142479052 0.4445755982055022
6022.696216267664 9.883591858578113 0.45864903705497734
6026.242674500063 10.19226887971982 0.46701286662959324
6029.789597081631 10.237678020800782 0.4643394214369563
6033.336892633904 10.670442356602395 0.4699365052098902
6036.8846606286725 10.112088776887099 0.4625415266554495
6040.432858790941 10.923115938585834 0.4651119444209226
6043.981416325235 9.62915058435312 0.45651977973245383
6047.530491451174 9.290253611251615 0.4528031555598749
6051.079905246409 9.816190184680309 0.46227875387225564
6054.629752087381 8.890823198987084 0.44751339919753774
6058.180101519328 10.146943222328126 0.4652065875037485
6061.731163426885 9.887886045371227 0.45475190371903634
6065.281904901866 10.093463340751752 0.46012920286388653
6068.8334846968955 10.71196607416185 0.46960639535788756
6072.385461407522 9.78620916256542 0.4585938003122362
6075.937808978037 10.30264746272725 0.4626602250248389
6079.490669268702 9.624359906867051 0.4547039624093508
6083.043890691011 9.60877311011138 0.4535558800131201
6086.597526609172 10.100782987080553 0.4590651866639457
6090.151572764683 9.83042856573837 0.45680053497515816
6093.706072774293 10.13604428289838 0.46247198359494535
6097.260946748779 9.097770669098779 0.4449903646071362
6100.8162518826975 9.961218813340524 0.45598589423850394
6104.371961867665 9.376953973071931 0.45146669781393534
6107.928091570929 8.945485328526933 0.4469801702349936
6111.484603698551 9.98616580355182 0.4601546865790355
6115.041578950874 10.57462260623987 0.4639806225906199
6118.59890463095 9.4884279380152 0.44841326085467076
6122.156643101248 9.031482427423295 0.44732784670956915
6125.714846690058 9.017006449040315 0.4485293223723338
6129.273407888719 9.547480591995944 0.4548429120737838
6132.8325128183715 9.648180410365532 0.45370151908107964
6136.391767126871 10.128177183855195 0.4592840842159722
6139.951028289361 8.9391434251957 0.4501355030296482
6143.51174618271 10.633284370655373 0.4623457845371849
6147.072061084403 9.15863046749511 0.4503191634049492
6150.633321995313 10.623779754322465 0.4639268297123064
6154.194731076171 10.497354084971688 0.4647412997493259
6157.756511976036 8.990041067896563 0.4453127046483763
6161.318692626369 11.318663681917656 0.46687139272186606
6164.881283834669 8.978413549438363 0.4475031152612949
6168.444254976137 8.997249134346967 0.4466293949944016
6172.007661388974 9.017536155225145 0.446818563624767
6175.571429939411 9.045895830179651 0.4480522979417188
6179.135623387471 10.536127391214972 0.46511551289617986
6182.70019038086 9.760391791997554 0.4531199264564214
6186.265145474407 8.92810421481588 0.4472630701058657
6189.830505282892 9.000354806737521 0.4445658143079327
6193.396258208353 9.259714352040923 0.44797149784854545
6196.962394481721 9.726540124409961 0.4545068837228361
6200.528938580272 10.147841250189154 0.46169825303155865
6204.095839045772 9.526169492002614 0.4547204875948116
6207.663177480551 10.400959584968758 0.46103177041862714
6211.231338502759 9.996455867936655 0.45507454549533993
6214.798942806876 9.811671055326991 0.45611972831149056
6218.367409478531 9.561460711433373 0.4543254743802635
6221.936265545272 9.173230466218955 0.4516467847928239
6225.505505530489 10.125202213097632 0.45769080453748795
6229.075067728987 10.33271519902279 0.4609594865339961
6232.645273898467 9.7108534444936 0.45810089625600253
6236.215553739022 9.0237184803795 0.45288280134813635
6239.7863288474155 9.03657865508279 0.45385363628386366
6243.357473942114 9.818028540910705 0.4646006465874032
6246.929041559756 9.197044370436721 0.4504852559203084
6250.500963416082 9.699358764238717 0.4523284965201566
6254.0732567660225 9.862466650010711 0.46028172192547634
6257.645947465286 9.523257525691267 0.45751666728565754
6261.218997124738 10.196849406432104 0.4663160295912
6264.792435331846 9.8261759142768 0.46519807527919316
6268.3662451589535 8.950970941286567 0.4497275447924012
6271.940438355968 8.154423800370683 0.4324119365434576
6275.514986727801 8.68866757422476 0.44085608089507305
6279.089944597214 9.008322133450529 0.4465115856295067
6282.665236394053 9.128686571522026 0.4490190193301638
6286.240953126093 8.80038071345809 0.4439205978188854
6289.8169710209695 9.34755214573202 0.45914108329556086
6293.393329693811 9.773661963441455 0.48537275083354803
6296.970188134822 9.300977794099056 0.5084037924715021
6300.547378661443 9.875372806982867 0.5170103192926234
6304.12488814245 9.697630139771285 0.5201335932387107
6307.702833638082 9.973433105012464 0.5178703343879377
6311.281117519259 9.05462720028484 0.4659366455496853
6314.859770160632 9.29088522279625 0.4555070801082864
6318.438750589232 9.620206623374367 0.454022463041175
6322.018136518254 9.58998588432109 0.4535836107412956
6325.597851107574 9.439561507903331 0.45176620641986015
6329.177999162043 10.10225891710629 0.4645011096089363
6332.75845478079 9.549114814983067 0.46016942357223173
6336.339333506432 10.034682073612055 0.4631074340025773
6339.920481503205 9.43681392206237 0.4493352732537616
6343.501995256237 9.775251015777602 0.45582294882679947
6347.083961131925 9.511246030666396 0.4546845671433193
6350.666238309604 9.99042538153851 0.46124801384253633
6354.248869099476 8.540683881937227 0.4466391827707159
6357.83186922037 8.823007245633763 0.4615427814899539
6361.41475377989 10.22226006707312 0.48535125284850583
6364.998953826067 9.830853823973296 0.473321855214998
6368.583016656902 9.227680508215968 0.46575155993279194
6372.16744037946 8.642934708064129 0.45655856289201807
6375.7522337379105 8.612426706000369 0.4417905095031108
6379.337375408533 8.932916091800898 0.44708567038938035
6382.922932460966 9.654938542549791 0.4541872706570587
6386.508717855432 9.47816159856469 0.45679669179497917
6390.094922507053 9.162614806974378 0.4506288596842273
6393.681470359111 9.437594727025417 0.45494361398966104
6397.268396695454 9.356542934431294 0.44998086590189906
6400.855631804722 8.848865415036688 0.4457286475206768
6404.443272309278 10.269174018247728 0.4612898681449694
6408.0311954733215 8.946017742692574 0.4415212816384247
6411.619514032557 8.984645070073316 0.449941411620008
6415.20818040155 9.684727086785786 0.453991634591778
6418.797174371883 9.371154699542455 0.4514651683103064
6422.3865161920985 9.825084536666651 0.46013119563316984
6425.976235024688 9.48782581602415 0.45003349456560643
6429.566272414985 10.154101251343976 0.46164946987423866
6433.156688546022 10.126484506051051 0.46108307999929454
6436.747390302693 10.20731698810622 0.45660846791255016
6440.338480808984 9.346005024384377 0.45379459513875825
6443.929761961845 9.53580243642415 0.4470241737699048
6447.521682512219 9.770478667181212 0.4557990965967448
6451.113773601176 9.954438280213065 0.4557358795792582
6454.706215521653 9.958751265600306 0.4575526255252173
6458.2989959764445 9.375121846423 0.45493482252861867
6461.892149543059 8.864907746003404 0.4486644754857837
6465.48558534111 9.198241480643672 0.45930782705755036
6469.079424404777 9.721878002854567 0.46753505038862436
6472.673563917388 9.681406504716758 0.4621310713613298
6476.268065082896 9.404943460553168 0.4572871147087907
6479.862874299391 9.740222053640357 0.45612893974407853
6483.457216879499 11.1774597133967 0.4746066110920643
6487.053523168179 9.325807839300511 0.45340291597196913
6490.64900159364 9.746702339451522 0.4613097064836968
6494.245529991725 9.239383033000236 0.4545261528786589
6497.842048364086 10.682792483847152 0.4752777248152743
6501.438879089352 8.882378020452428 0.453702473207841
6505.035768040555 9.341375187366342 0.4591624457652541
6508.633525371564 9.10555381974383 0.4530260241436763
6512.231360097416 9.087762553955068 0.45191957825434703
6515.829482311495 9.770108185907128 0.4568640929700287
6519.428045571684 10.531334717523595 0.46677557577506934
6523.026884097833 8.992315125144287 0.4490387057807124
6526.626011907385 8.423389669105903 0.4455906486587514
6530.2255249746 9.93368904238795 0.460609138466439
6533.825309432437 9.200309848149507 0.4541603601428861
6537.425468726538 9.830454757265732 0.4694620581262987
6541.025982008916 9.428955209971688 0.46023643953721805
6544.626747285459 10.549826030842668 0.47091976959306975
6548.227844857441 9.323915522478625 0.45788596918800206
6551.829293467328 9.10113033252879 0.4583340615552018
6555.431070892444 8.974547886703512 0.4510321551422821
6559.0331642768 10.041678735941689 0.4625464268745932
6562.63557954153 9.360423432665987 0.4580687323760189
6566.238333462522 9.665842137384432 0.4561687752504724
6569.841405658596 9.880954735033042 0.45780144829117675
6573.4447848555465 10.722955084007715 0.47398287869196404
6577.04850082175 8.907561765532755 0.45287488579906005
6580.652514037936 9.60907037184123 0.4594554000389616
6584.256888406602 10.415395595112798 0.47160800648872625
6587.861548614398 9.391240234569104 0.4563108303083319
6591.466494194956 9.813841737461331 0.45599060592556356
6595.071860458334 9.886152470772492 0.4594744594283916
6598.677507647869 10.068681738095785 0.46000668561698127
6602.283415995637 9.224385860070724 0.4540096557815167
6605.889633135121 10.404257600370544 0.4661666685801806
6609.496275695327 9.648584335381486 0.45356238191416887
6613.10316357523 9.756166548948297 0.4627731911588696
6616.710398321909 10.369133260972077 0.4635833749942345
6620.317910746022 10.621214372394274 0.465051348950449
6623.925755474821 10.04191625256951 0.46226609237448
6627.533927078273 9.80790055197834 0.45711127191258577
6631.142461651483 9.588829715982575 0.45114648286597103
6634.751089506016 9.710383909284058 0.45626371115430536
6638.360386891668 9.605095159907819 0.44874724352425877
6641.969662529925 9.305472426978703 0.45183588821175014
6645.579633723842 10.760848903865973 0.46648520185207887
6649.189398443521 9.179570576185588 0.4415716951176835
6652.799610364583 9.490215006910109 0.45004804996337405
6656.41040852079 10.157062001592921 0.45795436968314096
6660.021363923398 9.314418116811277 0.44818230681132576
6663.63261170301 9.814779748464803 0.45188880419961247
6667.244190573235 8.921761487664126 0.443969320526262
6670.856087448179 9.487000541939079 0.4492448982904965
6674.4682863093285 10.29766098130376 0.4589596316852945
6678.080784533364 10.188977583145377 0.4653249106477054
6681.693582492301 10.066595423404783 0.45711795270724354
6685.306804160559 10.896899449498877 0.466938080115218
6688.920137763581 11.174108143449953 0.4693378406421479
6692.53383025417 10.704929629694636 0.4625626271558987
6696.14785857163 13.456950383172181 0.5046518413866743
6699.762524920849 16.78866307708915 0.5458312248420594
6703.377989907298 16.075097046124785 0.5429362000489809
6706.994465011812 15.655989382260161 0.5295901435032598
6710.608232462371 16.022919888287202 0.5403475902639473
6714.223495574488 12.38426481705805 0.5004481561176591
6717.83836922606 12.511261066583504 0.4868978942412707
6721.454511916218 12.65465091329713 0.49011484488127427
6725.071706999993 11.464006123462386 0.484251668539022
6728.687700796264 11.628704290890221 0.4851534931893991
6732.3047275881345 12.066941801018755 0.4847381636547208
6735.922060613406 10.53963614752963 0.46054420949544655
6739.5395797947485 9.782947085429862 0.44866804974150953
6743.157629986757 10.648073159314723 0.4607478985371441
6746.7758636591125 9.532482728196467 0.4454303073368529
6750.394364734598 9.407430112904581 0.449495112375462
6754.013218494494 10.475158069897732 0.4566490899765493
6757.6323406135125 9.13332660762869 0.4407650484316719
6761.25175483816 9.940373137410653 0.4560891442631326
6764.871476484661 9.091498451743018 0.44403997351001456
6768.49148397815 10.428256494573384 0.45715879898302697
6772.111559875736 9.836905543429847 0.4500614508129643
6775.7323647899275 9.622254450466734 0.44785690830534325
6779.353252731733 9.867219372728753 0.44864802298252465
6782.974421734496 9.40083512247454 0.44930020332997683
6786.595953460569 9.678686474359635 0.44860999164956056
6790.218013708328 9.829173244771106 0.45739426833127733
6793.839743195187 9.833894797690336 0.4483923859727307
6797.462064496254 10.26171839420888 0.4576501380656795
6801.084739130499 9.622542716339932 0.44735191015145975
6804.707608149147 8.763500376254004 0.4399725179943984
6808.330887288083 10.689819575393024 0.462559711720578
6811.955185485323 8.299739493670971 0.4289217927649474
6815.578193333506 9.267669762502136 0.4420135459166306
6819.202219954662 10.237057768043043 0.44958071899368907
6822.826639251889 9.196297355971542 0.4518868308356867
6826.451291801224 9.303268462354309 0.4598515915636827
6830.076223940069 8.706773753931452 0.45752847315958545
6833.701231420868 9.299528118800415 0.4681691620636789
6837.327020652233 10.41289836437722 0.48151247880889214
6840.9527945254495 8.775416928472621 0.451695817501673
6844.579464499248 9.35234720847514 0.4516253380232117
6848.205283512093 9.466793795364037 0.45267135737960273
6851.831441551386 9.902851082982748 0.4537581303187806
6855.458857595307 9.301178780282118 0.4530700788135314
6859.086123219341 11.298862588118162 0.48608168417002257
6862.713649597142 9.871329609017478 0.4706772488058694
6866.341428357009 9.665047085342001 0.46581540187616666
6869.969511224375 9.344058348651085 0.46166518357294345
6873.597882362455 8.107946910052243 0.43057917435473203
6877.226502946319 8.074480893108925 0.42057308771385776
6880.8554602137865 7.6497715845198915 0.41752019966865245
6884.484648675417 10.0427563257946 0.44923477817564017
6888.114147855277 8.991592071317791 0.4418442355423718
6891.743027804925 8.129082425566256 0.42530875529359563
6895.373961161744 8.380304149776714 0.4293064669773636
6899.004271283674 7.607411300272961 0.41790948797250255
6902.634811282062 7.706993108230304 0.41726303602807885
6906.26576247102 7.818129916485451 0.42529548575335185
6909.896929817492 8.801317831143262 0.4414175328151653
6913.528386363356 9.324336684750254 0.43997397633338275
6917.160087062843 9.92294078417247 0.45974220405078364
6920.792053145446 8.974111240977873 0.4573897152906831
6924.424347946187 9.470611967288002 0.45488755837524764
6928.056902231416 8.538138614755413 0.44199135451015
6931.689742172946 9.368262010838578 0.4519311923775805
6935.32284923767 8.755889836990269 0.44132495998536314
6938.956097774569 9.129839939222668 0.44624903554768275
6942.589864541089 9.785165187310549 0.4614118306384742
6946.223780684753 9.167834623095784 0.45445516016280313
6949.857998097664 9.305461970833091 0.45833889434908026
6953.492466133324 9.599621574657696 0.454149446438008
6957.127213182722 8.62347244548992 0.44863277503892773
6960.762227205284 8.4991343826262 0.43398246635099497
6964.397501953193 8.6277143257446 0.4384949314350724
6968.033357870821 9.346775155931471 0.44950086859075056
6971.668105606193 9.578488988792344 0.45538030066992174
6975.3050087797465 8.34647829597364 0.44376551877021314
6978.941405482118 9.011246048073314 0.45002590977494433
6982.578060208254 9.877963454801215 0.4588869398123417
6986.2150115949435 9.420352262710786 0.45145800944787096
6989.851334210764 9.183478684242862 0.4413216755375647
6993.48914451125 9.544283582972959 0.4491605156150017
6997.127370776768 8.825052883307313 0.43853053903534256
7000.765356015831 9.145367301439398 0.44555641457877593
7004.403671308811 9.064176660324888 0.44156621741675134
7008.042161976335 8.236195512149596 0.43387832692130734
7011.680969169404 9.266869551236944 0.44643664132696803
7015.320053727067 9.831530176285124 0.45037924834267923
7018.959399704233 9.293695863807594 0.45050560607675344
7022.599015077677 9.778931775885734 0.4503712121957114
7026.238862793018 9.725378242625908 0.44546846848233157
7029.879307413134 9.88856815050253 0.4507627562030997
7033.519419826865 8.923460659483279 0.44534791222733877
7037.159970304257 10.017132261878798 0.45462877595275447
7040.801054415463 9.77800040819427 0.45337835200895277
7044.442228412344 8.518519148168858 0.43956959793931183
7048.083714197916 9.114922696904491 0.44568264456131984
7051.725466208135 9.738331928229968 0.4548218879315864
7055.367459730458 9.46270672295747 0.4568185383808081
7059.009731262493 8.946100309102158 0.43924456726322564
7062.652243508854 8.567977554951819 0.4355223158240558
7066.295049158318 9.6063043966893 0.4501158822637731
7069.938093603227 9.325144123981522 0.4447221317464708
7073.581429569815 9.55407650521397 0.44937078317724
7077.22522012886 10.600467124836067 0.4686368150701593
7080.868878525804 9.173027064328604 0.44976062928695193
7084.512943600567 9.46741855510701 0.44966906533095424
7088.157313148358 9.119325860220677 0.4496403310732514
7091.801985714137 9.81885514523232 0.4590324442835736
7095.445803156544 9.288057299708239 0.4482374962002166
7099.091962569126 8.979345475201436 0.44487138033595497
7102.737481875012 9.497942990624155 0.44626442918022674
7106.383038545501 9.218529562193712 0.4459204071357666
7110.029017443076 9.938758243018468 0.45518751559537296
7113.675166007493 9.429496075076672 0.4519340889868022
7117.321653389757 9.587039045496665 0.45504266713322206
7120.968327058686 9.689350580658354 0.4553888651081812
7124.615320040741 9.618147260727238 0.4568523223261802
7128.262519080221 8.92179837917389 0.44664686195521097
7131.9103313788655 9.5983635980514 0.45186486230965955
7135.557739031138 9.036576720401328 0.4482364452112433
7139.2057749081805 10.031317545838922 0.46392942922225777
7142.853177285952 8.888708124431883 0.44392833004173343
7146.502549065526 9.384034980673547 0.4510898350896712
7150.151299558368 8.992108521027468 0.44725624534523317
7153.800346770469 8.62015250957124 0.4393857099686626
7157.449609538883 9.109333333062537 0.44993281242602406
7161.0991937403205 10.30274045194837 0.46344371335964124
7164.748953472803 8.758273240844932 0.4444051567928023
7168.399040906951 9.495442190706767 0.45371754462460795
7172.04931662864 8.409534043163344 0.4380913524738647
7175.700841879046 8.036386812388502 0.42952309770950026
7179.350725909677 10.20165795754262 0.4550172594692024
7183.001807795129 8.994986106061178 0.44151528159218556
7186.653110906978 8.99763526579548 0.4419454452018008
7190.304733435107 9.530872708001192 0.44518358753032644
7193.956521285249 8.417188363104788 0.4333302323699781
7197.608648987099 8.602279578540788 0.43507055740066725
7201.260969817477 9.282151419722048 0.442799901810482
7204.913615542463 9.328385260577905 0.439880348533749
7208.566382601344 8.495539924862006 0.43641842099031586
7212.219567013434 9.871107948457926 0.45361922694556595
7215.87287333151 9.593228637758038 0.45121594982725133
7219.526489125452 8.530914652916461 0.4393542143272143
7223.180412919137 9.280895683688751 0.4483812883404097
7226.834502054712 8.678628684589391 0.44297713750503237
7230.488867649125 9.257093491359266 0.4476237843583865
7234.143466508469 9.67889796121816 0.46609722121879965
7237.798271287164 8.354516358157143 0.4749209814685061
7241.453487842115 10.005869792996691 0.5053533372013942
7245.108772119871 8.817365723311534 0.498943709314759
7248.76445523897 8.435064838401251 0.49586484021736615
7252.4202680488825 8.395132183986641 0.47406341221639625
7256.0755856682445 9.745225584955378 0.474981212798651
7259.7327772084345 9.269555052570766 0.4531457192338314
7263.389447985591 9.613535945229401 0.45984135727084596
7267.046239648594 8.379497613822146 0.43804138448316804
7270.703425136147 9.73356515637045 0.482727795720726
7274.360767088478 9.926179148364763 0.49307670732290715
7278.018418572051 9.354753221458248 0.49949385198994384
7281.676244530984 9.640851414061734 0.5106662378455884
7285.334414365211 9.764851662836483 0.5032468085873236
7288.993044197423 9.212070025511146 0.4684908975437936
7292.651400161962 9.202503260672982 0.46870114531340035
7296.310217378391 9.432268537941999 0.4605537871133058
7299.96936931496 9.440708176863849 0.46366387580325064
7303.628673873005 9.776827616962066 0.4661655759302981
7307.288332137885 9.807006986745208 0.46831518381873904
7310.9481323270575 8.557783410417542 0.4755188990713785
7314.6082816051685 8.846850299660094 0.4782427586045294
7318.268571289568 9.520933097243118 0.48056113843749443
7321.929208907734 9.858544059696047 0.48831338025663684
7325.590022954943 8.735672249803915 0.4769269003008794
7329.251161481738 8.482413590850014 0.45068255629314563
7332.912432557437 8.82717889500287 0.4580338185799668
7336.574058670012 9.827563050694453 0.5065025189468748
7340.235863071772 8.453233657935062 0.47998241290209914
7343.897920803811 9.822323474986577 0.4924797412044959
7347.560250074785 8.505306354826091 0.47817747402164223
7351.222842596067 8.545316643302336 0.45982573917071606
7354.885639067719 8.684148703820306 0.4577689022117599
7358.548716225116 9.071294001379533 0.46177966159801603
7362.211954954374 8.834442167373586 0.4662349522912943
7365.875559156708 10.04991149486713 0.49708697366578547
7369.539315275329 9.263243975736325 0.4820371078932937
7373.204349769137 8.879848027752104 0.4756160755998205
7376.867599251478 8.07634749609442 0.46656998350889284
7380.532187849155 8.584086051551203 0.45027633278502605
7384.196927348253 8.793414514171374 0.4477771093328192
7387.861970434511 9.368615102408784 0.4610982779080105
7391.527195422364 9.317643374213528 0.4613528562028488
7395.192713122369 9.149703055829837 0.4683826080969394
7398.858484488402 9.76210484153625 0.4804482694647561
7402.524455611908 9.54004308586101 0.4746843885465751
7406.190651677812 8.935437080532882 0.46286558434695724
7409.85716910242 9.335079128036362 0.4679393623078035
7413.52398055796 8.977597709497287 0.4464681793166759
7417.190634074654 9.157722837424068 0.4471364863584603
7420.858004888156 9.215044037093083 0.45087163752032156
7424.52549327602 8.463433998750977 0.4456431896323433
7428.193118889553 9.21033160759476 0.4612118325013219
7431.861149476956 9.675020769716179 0.4656470531680969
7435.5292435355805 8.788979223987633 0.4611266471006439
7439.196976363655 8.634680854108423 0.4717627057067418
7442.8662873801495 8.30178953305945 0.43766191867215715
7446.535262486319 9.272601210973466 0.46231117319189396
7450.204389075331 8.902450498524043 0.445507732356869
7453.873550137084 8.692639765720767 0.44041128962286985
7457.543381401261 9.282891103699228 0.4498778669903897
7461.213295028996 9.49109219859464 0.4530744681608178
7464.883387165502 8.79590339868883 0.44992539825780864
7468.55389077036 8.608128788667335 0.4526145328526147
7472.224940036103 8.82289438694089 0.4591124018764806
7475.895184486905 8.944118470934075 0.46563198804957673
7479.566229608378 8.445884793087755 0.4594816649549606
7483.236708042803 9.184875512307084 0.4610581081710886
7486.909125892101 8.377794826627133 0.4488899966944677
7490.580955395108 9.334962627424758 0.4610126404180119
7494.252982601607 9.504013844068313 0.45792453967065716
7497.9252609206815 8.58424912358595 0.44117906210093855
7501.597776192918 8.969975862642972 0.44487117503194723
7505.27055806352 9.393965826695029 0.4472765328936767
7508.9435371984855 8.24631121931067 0.43641946186008246
7512.616849351963 8.432997333486583 0.4364038525797976
7516.290273364186 9.394608794723945 0.4570923406410654
7519.964015338018 9.65963828957273 0.4782805358575845
7523.6379565788775 8.176515261354275 0.4652667875536124
7527.312180789989 9.439712693904255 0.48146571261978793
7530.98661792239 8.846658688612475 0.47601759949748773
7534.661362189231 8.23983378477925 0.4488498947182494
7538.336212510943 8.571715799591367 0.4458316871786767
7542.011417019285 9.128174354441876 0.4481805984488083
7545.686809549085 8.804715708102849 0.4421691309197865
7549.362478880566 8.304100874066844 0.43720535599970833
7553.038114673154 8.772590472966554 0.44126007919231747
7556.7145527621415 9.40030397529457 0.4518944873602761
7560.390832553288 8.375717728649487 0.4404668965167067
7564.067465010123 8.51861498280196 0.44402736538802345
7567.744280881658 8.714560651262053 0.45958076131299397
7571.421684048163 8.609169369222707 0.4611957288318653
7575.09868791138 8.831846975297188 0.46620871625572946
7578.776294660707 9.109303706232048 0.46797114917794214
7582.453962134851 8.650271907274039 0.45292143373073956
7586.132139172576 9.06849799442964 0.452345598698406
7589.810423070598 8.013199661886809 0.4283628281776544
7593.488949497054 7.249839079477921 0.418231813163342
7597.167700698158 5.905043762070725 0.38767275483666164
7600.84672905232 5.022550996519368 0.35780348550736096
7604.52591973137 3.7303191504995996 0.3307093186052036
7608.2054455236075 3.3223198312037705 0.31477194389856666
7611.885125565282 3.6346091475327484 0.32511003036461017
7615.565086877924 5.111628134614644 0.3647538950783587
7619.246190202452 5.229539681958728 0.3701824487486693
7622.925739802499 5.2772683741877 0.38258856449580186
7626.606403318895 5.010030849483624 0.3803424529437894
7630.2873457479445 5.028582732112793 0.37195674526097505
7633.968482799928 4.1244422215565235 0.35067222184310604
7637.649879966645 5.052086340744791 0.3698046489909913
7641.331536941365 5.21391802306013 0.36638279529088597
7645.013389833254 6.275489186600984 0.3864729631669274
7648.6955445688445 6.400664208615678 0.3912282303108989
7652.377850784796 5.918134167511292 0.39197602301509954
7656.06040856326 7.291007726064846 0.41936845062369454
7659.743278740155 7.413638875216484 0.4242675055123564
7663.4263640625595 8.73597569246319 0.4433914799985878
7667.109682661251 7.723325266652809 0.42712129455172726
7670.793229918987 7.42482895693038 0.42694698304492323
7674.477017946233 8.324005669450461 0.43820473789026104
7678.161045603522 7.472532692620588 0.4309583477990752
7681.845315032373 8.398941287804748 0.44543570709284297
7685.529810883658 8.592640852867543 0.44541772536427277
7689.214574630889 8.910757596815309 0.44872391943452367
7692.8995489446 8.093233023711905 0.44615635064132986
7696.584783601577 8.989328657986956 0.45822493805274095
7700.270246804981 7.930338004595074 0.44390843948706393
7703.9559499749885 7.0513782392820055 0.43086271480620764
7707.641864956624 8.480249898967767 0.48458321595392034
7711.328036668624 8.521784602810872 0.5143870364769466
7715.014468925776 7.967641187926899 0.5122386866523293
7718.701125394774 8.474368132385447 0.5290589024451858
7722.388040492685 7.63222178319745 0.5077711665002539
7726.07530877816 8.441186254317076 0.49147703754247346
7729.762585604983 8.171861357076962 0.4641542948281253
7733.45016335757 8.88527001428671 0.4701669638125271
7737.137996244568 9.320617703032541 0.46147223370363827
7740.826132233237 8.883143900135488 0.46280980743473316
7744.514467418282 9.782102442587236 0.5047503250890972
7748.203030707825 8.648193517707002 0.5105869863749605
7751.891869684669 8.288031153416036 0.5029323523785052
7755.580895966821 9.171743522757957 0.534331458068272
7759.270268403949 8.075937969175106 0.5070136863367175
7762.959741142223 7.856040392256638 0.46437447328075865
7766.649559786253 9.084833260602439 0.4836964125181075
7770.3405058327135 8.650183689533602 0.4743450798229895
7774.029865215512 9.813044389737176 0.4854342518886957
7777.720293560392 8.76409616507117 0.4790384145058729
7781.411235513295 8.764294311955913 0.47338980010434323
7785.102023829497 7.44250944625662 0.45816049122490593
7788.793262636755 8.90702198930317 0.5060268923330532
7792.484701838352 8.37700991608578 0.4975361738769256
7796.176432973884 9.603632711238019 0.511190280157184
7799.868290735582 8.15207668611094 0.4968991697999502
7803.56056053645 8.92626753904677 0.503274725773408
7807.2529684137035 8.035447527384914 0.47545558914060204
7810.945637874886 8.632286192893057 0.482205997141849
7814.638538806795 9.43712756666165 0.5122005881652957
7818.331700746494 8.921946571974686 0.5190675196144249
7822.025083322769 8.420128299759186 0.5083451230787212
7825.718698992165 8.512283277333559 0.5078896395969051
7829.412595378301 8.206590427379725 0.50511488309722
7833.1067107230165 7.95504258471362 0.461407535850463
7836.80104365611 8.351194662610144 0.4765658295841884
7840.495450068992 9.18273585205901 0.48237580696576304
7844.190460764751 7.867404195461651 0.4738815457652241
7847.885547734142 9.222436429354694 0.5298011512962867
7851.580868272347 8.67412862373506 0.5371712809125798
7855.276437984694 8.189093218285285 0.5344632289762569
7858.972236515653 8.92813807678965 0.548885423019913
7862.668219615515 8.35296581053247 0.531168551883251
7866.364583163126 8.225287946112445 0.5202689374258122
7870.06115283476 8.57910650225601 0.5103384187800731
7873.757867518124 8.000165048657378 0.5074272803033285
7877.454883185657 9.409581785370825 0.5254653793683021
7881.152823207426 9.213070419858045 0.5096041083597134
7884.84969970001 8.826309585918025 0.5158833440528745
7888.547410272386 9.787574303615179 0.5298002101534859
7892.246494599069 8.205810490848483 0.49422610831665353
7895.943637903269 8.456678471096875 0.49825285358513177
7899.642164593207 9.593010692822803 0.4994836496495915
7903.340843241047 8.75416230562045 0.4786865015484182
7907.039796929375 8.724776931629735 0.5102231992112246
7910.7389915194635 8.50023207926165 0.5425727424153246
7914.438477546448 8.362930459444128 0.5518270363525092
7918.138141380526 7.611709309594349 0.5546270383646635
7921.838111294703 9.764459642447143 0.5708843090350942
7925.538290874253 9.23593967746101 0.5309964799397715
7929.238728845874 8.549760548404238 0.5190254719676127
7932.9393872988385 7.859143414518236 0.4940017500661044
7936.640343426717 8.451190806002225 0.49008544038010393
7940.341367772523 7.396619736434956 0.47673569656572506
7944.042907119714 9.134934035285195 0.4881552751050145
7947.744537714393 8.165000126597333 0.48281180894903747
7951.446427010924 8.596662066749499 0.48679379626563424
7955.14858059685 7.372435675212986 0.4669085482822053
7958.85096612424 9.223526031273794 0.5187776880060583
7962.55362040443 7.9900177952707825 0.5201880554722268
7966.256388537943 8.790530314068636 0.521535246220339
7969.95962524107 9.407337137901935 0.5400525215379148
7973.663002776521 8.752339242884856 0.5338280032165515
7977.366627208889 9.808085926563614 0.5240783802301476
7981.070457930197 8.407773472685626 0.49993798610377466
7984.774610401244 8.266902042109296 0.5035030671329586
7988.478942110576 9.26958033151049 0.5504445948078343
7992.183573961826 8.049449895577986 0.5344055051441997
7995.888397880875 7.853109526147596 0.5246375171559711
7999.593662938168 7.862408516776243 0.5289187969368488
8003.298879911201 8.072519895371952 0.49588502750539437
8007.004511743574 8.518857960781492 0.48534794126320857
8010.710306421609 7.943092114596639 0.48608139729446803
8014.416443723247 8.452690494661967 0.4957708547554135
8018.1227185338485 7.461210112612691 0.4912342647871227
8021.82928128753 9.376525559687078 0.5434972282331798
8025.536193402119 7.720174580146423 0.5239774910143898
8029.243284874209 7.237388062346016 0.5138881931553386
8032.950626715451 7.827665668349221 0.5111228448607198
8036.658243647202 7.323914702741852 0.47784187365634306
8040.366030333537 7.673749080451967 0.4706216592984025
8044.074153656109 8.480663258703258 0.482575285125183
8047.782474533042 7.691121113476472 0.47950300464897766
8051.49107993824 9.548019222632071 0.5048643137421321
8055.2005936284 8.218024301743668 0.49644168866178867
8058.908958670539 8.902741918713673 0.5164995779766206
8062.618335128212 8.53728500144717 0.5034506238440181
8066.327927693335 9.095204286011812 0.5061630597452424
8070.0377730509945 8.401194018219865 0.4975577256197246
8073.747876035246 8.329336757047049 0.4798215914023984
8077.45821454087 8.851893387440413 0.4855289208339097
8081.16882047442 8.573881051766254 0.4835643336392336
8084.87875908546 9.204559532938136 0.4876876931698846
8088.590709527232 8.109747531164341 0.4755398124867105
8092.3021015882605 8.008304133040333 0.4812639576353995
8096.013424403833 8.033305761077338 0.47629361326804354
8099.725545416135 8.497407551347345 0.4862768905078489
8103.4376964737085 7.945397950042377 0.4852320843669252
8107.150021347301 7.91035208657032 0.47982128701677024
8110.862704837052 9.040720097524009 0.4924974783039466
8114.575572296672 8.434925569785763 0.47601469842013416
8118.28868547109 8.388009608161955 0.4668431555033869
8122.001279767096 8.102861818460854 0.4831945342520618
8125.715728405849 8.615739588273549 0.4837575958360948
8129.4296019406365 6.962181852226266 0.4534817644109724
8133.143754065961 8.345835066337523 0.48089837707047156
8136.85814558766 8.44166899091691 0.48309149836536897
8140.572807025181 8.041428392396076 0.4832518913710893
8144.287711512061 7.232244377370081 0.4684031984845273
8148.002871762405 8.466637002170954 0.4848059915215593
8151.718325090624 7.012388661326271 0.457073024932771
8155.433969611642 8.293593494006604 0.47626246462053756
8159.149946047644 7.530523021029319 0.4703952099391395
8162.86611594404 6.534468878560872 0.44662776376225016
8166.582592929807 8.50389051755598 0.47359906104670735
8170.299304647283 6.325959583610964 0.4462784759115604
8174.0162572997015 7.1648859444249275 0.45507586850548704
8177.733485515727 8.97916288051151 0.48581412683158254
8181.451011733598 7.882199941776672 0.47792890399831534
8185.168728830061 6.860758399429785 0.45601733452117177
8188.886711669003 8.68945300988299 0.4896407252200479
8192.604955332832 8.78194898477931 0.489081089702918
8196.323675343494 8.502917062429177 0.47940049611955426
8200.042285661862 7.153170790647706 0.46539657722116795
8203.761356494284 7.49738334453216 0.4677454289036455
8207.480669229091 8.072862605745124 0.47286517192285793
8211.200195658543 7.55514803695841 0.468128814869425
8214.920059530554 7.835872126016737 0.47560620066900866
8218.640086993806 7.224641611481925 0.45271174020271804
8222.360458311445 6.968133544348679 0.4539323800755639
8226.081071042483 7.46270033549128 0.4661088837646532
8229.80152540501 7.4849519426404845 0.45830835477413295
8233.523137479366 7.563208656529623 0.4618135410784032
8237.244501013087 7.357383927751804 0.46230457188346535
8240.965381281458 6.944833822372129 0.4614376683613994
8244.68825664102 7.44386930061842 0.4605060201194592
8248.410207860383 7.870096893234673 0.4711676149309498
8252.132725516294 8.035862510837495 0.47534092682944423
8255.855389933196 6.8360837941424135 0.45856107075599867
8259.578419698579 8.28696567330135 0.4772814422000899
8263.301594271941 7.346836602582937 0.4584626667553658
8267.025139063977 7.07913814100006 0.46429260647780174
8270.748867160799 7.574520102032964 0.47198706020055675
8274.472945644307 8.350523222919689 0.5070572784281091
8278.197249083863 8.064153561786014 0.5212830999651817
8281.92182478887 8.541684269741031 0.5505671090959461
8285.646310147595 7.878789070800773 0.5614138530356533
8289.371741087105 6.873798338102788 0.5532895802111594
8293.097154125679 7.666575905619834 0.5738812528527438
8296.82280781465 8.50531396085148 0.5814717602281309
8300.54871144821 7.909255056100641 0.542129836606204
8304.274887282569 8.161600102443566 0.5486851346739096
8308.001330735347 7.126338365643864 0.5132557308959336
8311.727865410023 7.529992311820979 0.4903102437313303
8315.454849297528 7.9167079783672 0.49284684814009383
8319.182717988333 7.106004708686956 0.4646205510061434
8322.909826653964 7.273516831217449 0.46859708670867184
8326.637982803155 6.857467225669811 0.46563392094187883
8330.366613698057 9.419479792126717 0.49727119727436675
8334.094024564793 8.443549349804023 0.4930680742659835
8337.822598251718 8.015792134027748 0.5473912087833546
8341.5514864993 7.286832003732224 0.588502834505833
8345.28063736865 8.285028810503384 0.6235102511432745
8349.009928903724 8.85129036547121 0.6417075851257787
8352.73978428513 6.556881012856925 0.594494808029158
8356.469784081331 6.677339098973669 0.5198737119618777
8360.199965085538 7.492359911066396 0.5251613111476074
8363.93056372987 7.430414664006271 0.5024447303628161
8367.661279467466 6.902996409507994 0.4881323480311609
8371.392430431333 6.608906110764992 0.48095658251092854
8375.123677200645 8.44217765876626 0.5107763087813167
8378.85541357579 8.991502606460944 0.5301766888531373
8382.587194885698 7.913767683841755 0.5171921356680154
8386.319459978962 7.985056195671021 0.5180083047769862
8390.051800441654 6.4678895152127955 0.4978542171768777
8393.784144051391 7.872733709003589 0.5563426789848431
8397.517540732515 6.777935885948305 0.5537114686962309
8401.250580948106 8.317246041792462 0.5704149133327446
8404.98431993403 8.690435624405266 0.5803786777006401
8408.717579732665 7.262442017725733 0.5460920141007011
8412.452340194815 7.94262765701547 0.5206529965494832
8416.186804684647 7.171564116466807 0.5108774116918074
8419.921387018778 7.9168236838274195 0.5280353789357082
8423.656349024905 7.982603238899974 0.5785905490035559
8427.391568483099 6.572564611853963 0.5748247833548522
8431.12720935588 7.6584112985818225 0.5862770073358737
8434.862888751515 7.243675611013387 0.5959454979966025
8438.599059381295 7.941804896829513 0.5665647190767156
8442.336516403495 5.7230983905067125 0.46565165560625477
8446.071937414099 7.3482359635334635 0.4966623002616424
8449.809235456076 6.59637723024689 0.5013106430525782
8453.54623122663 7.021413968888295 0.5116648890982425
8457.28358745262 7.626660653474824 0.5326205821848903
8461.021411926327 8.080524278232529 0.5792021224331809
8464.75944926268 9.14932960564456 0.5801254777875182
8468.497815161196 8.45178813891953 0.5686949363523023
8472.236391506034 6.100872527810965 0.5321883359759088
8475.975392345581 6.710979356127494 0.4972899019955191
8479.714512254455 7.749248299246123 0.4926530382123556
8483.454062251481 7.699353484872871 0.48883170030994916
8487.194504265313 6.78230415494997 0.49070328048935136
8490.933896356702 7.8591792279594115 0.513379198774622
8494.674207410344 8.613220238793296 0.5251156709087911
8498.414875632938 7.88472919142306 0.5432621334794759
8502.155780065685 6.447338860421604 0.5279784956724838
8505.897728611728 7.909980789267822 0.5369353523097581
8509.638505175282 6.928964790395389 0.5238704718389267
8513.380247280433 8.075029538406579 0.5225233906549961
8517.12237647354 7.014109757498742 0.4790403823773611
8520.864783179775 8.531285753448632 0.5032702168719712
8524.607444812835 7.6382464115087485 0.4902012638889106
8528.350363093441 7.934288898801918 0.4919933388500111
8532.093662438669 7.845172423376728 0.5016731310656029
8535.837179818987 8.800844511790073 0.5177033326268654
8539.581046047808 8.428922116363472 0.5144167855096496
8543.325144553417 7.97413553188647 0.5213777979498525
8547.069607430718 7.573143443716971 0.5169754533527446
8550.814306434251 8.462122079781135 0.5219536717698707
8554.559307443402 6.618546539605321 0.5030124960124426
8558.305364545582 7.055054929178975 0.4818094965266651
8562.050230169532 7.368904281643434 0.488519414791599
8565.796303204244 8.084410197275739 0.4974250737954688
8569.542317398274 6.8050102234158025 0.48179745975517146
8573.288790781175 6.676469589564395 0.4797785631669744
8577.035619482289 7.32670975034493 0.4924441597845976
8580.782724026116 7.904754484868945 0.5012336768669846
8584.530092743677 6.97798652338039 0.4927493719621528
8588.277796539958 5.640602311992857 0.4737401498133135
8592.025796877879 8.677913990736403 0.5266892379567132
8595.77403645293 7.257041469414103 0.5047584908563126
8599.522663441458 8.399428026849357 0.5251009106841248
8603.27152988339 7.064169391373865 0.5050196940473338
8607.020446127812 7.866755019384028 0.5100688295339996
8610.769641055771 6.949628768051802 0.5130965889772223
8614.520025634085 8.042254976839876 0.5424437942862946
8618.270089175903 8.061000832016433 0.5638739133001451
8622.020456317076 7.435932691159777 0.5724196075564503
8625.771344203618 8.271609019319456 0.5961812592279289
8629.522218088836 6.665898319297856 0.5824049380542222
8633.273517278012 6.966958875729029 0.5781760960892531
8637.025146574002 7.309723822904955 0.577020456255865
8640.777087011164 7.8891232515420295 0.5648253454144239
8644.529452327282 7.698333694182122 0.560921837931261
8648.281027690964 6.692979601071505 0.5505887316569763
8652.034665611876 7.0122631354359815 0.5646666200139263
8655.787845805824 7.0892264434222 0.5763428222039476
8659.541294576742 7.9478749348513285 0.6092337391317231
8663.295100122063 8.255831972863184 0.610409530548363
8667.0491435862 7.73932668770136 0.5981368376001601
8670.8035691195 8.089507515233187 0.589659208581366
8674.558234028706 7.159100860904211 0.5604094843732659
8678.313289632148 7.630862683722031 0.5599278202799827
8682.068423305469 6.693969394443765 0.5295988099723541
8685.824271553649 7.740796573211455 0.5411669483459105
8689.580265688945 7.402494518430476 0.528420378546149
8693.336472984229 8.155652062022947 0.536574511706315
8697.093016705317 7.650097320367645 0.5325882350682091
8700.849935257966 7.470628622554742 0.5235286644320245
8704.607097556483 7.302662542065319 0.5318204498475876
8708.364679232855 7.686939343669489 0.5276689789679202
8712.121674388354 6.851616371252434 0.508864862396834
8715.880646496898 7.645456152891521 0.5267583174451766
8719.63910610987 7.727446649658885 0.5148478903703358
8723.3978713307 6.924711067360047 0.5147335346024842
8727.15698224717 7.474086322002823 0.5120360493472604
8730.91643616115 8.368616817989615 0.5250491463640667
8734.6761572417 8.261471373884772 0.5330634373483646
8738.436983079917 7.697331731279254 0.5229319053209865
8742.196284409509 7.163300628647073 0.5171332068987544
8745.95733868764 6.931730095181791 0.5182015064328486
8749.718307178835 7.461260905498879 0.5309322323690441
8753.479656598469 7.138219430206775 0.5563542288243781
8757.241298333702 6.727998705386642 0.6041802179331062
8761.0033094605 10.032427210654893 0.6915382872399917
8764.765745437418 8.1027348657305 0.7079511918672379
8768.528280793356 7.58543773277056 0.697431233949521
8772.291208891875 7.345260830826939 0.7132738777186066
8776.054525658006 7.592751262958352 0.7017918391081958
8779.818152245134 6.66065274411059 0.6382068660456721
8783.582086843715 7.3800756487155414 0.644260671138822
8787.346354867108 8.872426298592282 0.6415470888327455
8791.111041285514 7.826548466445783 0.5709515215402459
8794.875878083245 8.966101586656903 0.5973184930085385
8798.641149593617 7.240110921787968 0.5644389063069339
8802.406656246694 6.464431643343838 0.5295326455295926
8806.17267297826 9.122416110073571 0.5703299160032218
8809.938833665368 8.122737911799213 0.5503921464779742
8813.705446292706 7.167929533339964 0.5381812245236598
8817.472252742189 7.7437129612780735 0.5693915483767599
8821.239551453204 8.788715026033856 0.6975595787711295
8825.006771290393 7.369384704728965 0.7306694003512546
8828.775014435516 10.334293909647542 0.796489949138737
8832.543245346833 7.028472772991932 0.7974107257535511
8836.312536421105 8.343236688004072 0.753060687066613
8840.080760846797 8.139984822341516 0.6595155686724209
8843.850032848495 7.27346054183447 0.6219239022634471
8847.619583676638 6.8415719719404215 0.5955496870506439
8851.389491299155 7.819445421667789 0.5907282368455887
8855.159744229668 5.977368170912557 0.5507789318906944
8858.931097184974 7.253942681045695 0.5881294300787789
8862.701251389497 7.343609476109427 0.6050785355022494
8866.472494171818 7.893187797180782 0.617496793190233
8870.243755340312 8.644187025656308 0.6300363314112196
8874.016044588181 6.651709933415347 0.5974887023071394
8877.787112470098 5.907768744720249 0.59338014590151
8881.561094946706 8.656610720030969 0.7038098990686513
8885.334013013771 8.666057017570939 0.7181966364353821
8889.107381882914 6.569407871344997 0.6885642020667014
8892.88098161284 7.3510572582325855 0.7014470603265914
8896.654942918589 7.729935120828388 0.6590825810204636
8900.4293758989 7.321011782227519 0.6352918789048347
8904.203865323107 7.417201774570247 0.6314960059017934
8907.979111665198 8.965799945618684 0.6652401110235331
8911.75441089779 8.615121529963588 0.680737416213008
8915.530221928902 7.525779827155437 0.7329421607955304
8919.306233752923 7.125680743852853 0.7359133062320932
8923.082741965527 7.758587254442758 0.745210972416686
8926.859462216778 5.541454520082399 0.7000586321532394
8930.636731278248 8.184971262314718 0.6487764840908166
8934.414086826771 6.473196219262123 0.5677724308894738
8938.192021354267 8.987143690962286 0.6454860324787691
8941.970090926305 6.192820567572303 0.6174680470063096
8945.747622058565 9.605148610245953 0.6730766357426238
8949.52754666543 7.84202497936999 0.6559346665298007
8953.306845250261 7.895230665918777 0.7180260076524588
8957.086349050522 6.0879242126289865 0.6925846548674877
8960.866711176834 6.616623122168211 0.701922592956845
8964.64671238898 7.606744114131276 0.7105119295779436
8968.427426731816 8.04413819864579 0.6595919131909286
8972.2084360599 6.986456058436354 0.5843062185322513
8975.989833800844 7.90147437865001 0.5969457771696308
8979.771579690181 7.406622158436942 0.6031850809953885
8983.553654065026 6.635313341914849 0.605734642372124
8987.335726385865 7.090095923892567 0.618040125875683
8991.117968597855 6.461747229156425 0.616144793607733
8994.902118839935 5.682273748150512 0.6415966490496532
8998.685686703842 6.142495673888904 0.6659657047283553
9002.469593046639 5.414395952249995 0.6469176021401793
9006.253883579211 7.372860659351469 0.6713223190630425
9010.038541619848 5.771306943660594 0.6201204262881967
9013.823533918987 7.061029671121074 0.6023294036530872
9017.60895279856 5.810106625526275 0.5624195093475695
9021.394635022709 5.6781956527274 0.5705263319851199
9025.180766712505 5.691399440154114 0.5792018712555728
9028.967234784423 6.449638950291458 0.5925305661741517
9032.754089185608 7.214046551014608 0.6253098504342193
9036.54125754053 5.709362997552701 0.6041254196182799
9040.328901941351 7.380936816219745 0.6340790979958165
9044.116788409277 6.781720977524214 0.6476842689769038
9047.905148988822 7.160934352930814 0.6741671551634053
9051.692555104668 5.46665211092625 0.6479939207026061
9055.482907421036 7.829640812407488 0.6733093955550605
9059.272331480024 7.749008708568407 0.6553543322317512
9063.062165936717 6.971377333903491 0.611608388179208
9066.8523391665 8.108476784564921 0.6381111667844815
9070.642954228744 6.75846316880639 0.5979356170025291
9074.433782016467 6.78894877536899 0.6145681346367485
9078.225207760626 7.0821123656314136 0.6127742578306538
9082.016813619502 5.926514582976063 0.5817100748396106
9085.808984594365 6.8012677673598985 0.6149154570797084
9089.601354721226 6.528593220746269 0.6202716178815676
9093.39423375442 6.364657351851836 0.6298142622428313
9097.18738312226 7.366008184016541 0.6432371363919552
9100.98234804102 7.916731421972009 0.6665461619127485
9104.774096926954 7.010549253394122 0.6333413013618446
9108.569372580438 6.952519665522385 0.6466402500996636
9112.364010037634 7.26284964878347 0.6448702122896488
9116.159036562414 6.216512640832034 0.6103460958323365
9119.954705433189 7.240448237580081 0.6303756717928645
9123.750659837167 6.353869038061789 0.6138933457906529
9127.546843434446 5.640904667339833 0.5961949861776972
9131.343600050446 7.440775215671997 0.6532959396818899
9135.140610899864 6.681277133914524 0.6309463733209922
9138.938101090636 7.392736185882312 0.6468829037831589
9142.735880104065 7.51339574671994 0.6612039521660122
9146.534557137356 6.939986040252811 0.6489718244609801
9150.332703667387 5.874600268229808 0.6395455732362367
9154.131784605068 7.14221996914426 0.6783599880970275
9157.931551556669 7.278228098424769 0.668589497364027
9161.730946308799 8.339786842381647 0.700969976625359
9165.532189440231 5.9607539701178185 0.6711156354518575
9169.331713766138 6.385513863759236 0.6571785794360745
9173.131546596174 7.659474308599859 0.681706345826825
9176.93284301692 6.615796668120463 0.670701756623217
9180.735792717876 5.524944689692447 0.6350911287848505
9184.538092001954 7.010794743973456 0.6787410815526033
9188.34055548564 6.853398723564785 0.6667922941219209
9192.143547398404 8.207636970536852 0.6915114032078553
9195.945613794369 7.673780131465985 0.6749274482934366
9199.750666139114 7.504254520178716 0.6834439307940092
9203.555039298884 6.5159007253801455 0.6542477496030148
9207.357839074677 5.779041859650598 0.6631174658832009
9211.164383606389 7.289088782212082 0.699997768208794
9214.970711678205 5.868170970635386 0.6599775161671337
9218.775538302963 7.5139142500766765 0.720071309577521
9222.581679483812 7.994738656083975 0.7231962521851567
9226.388283876493 5.679977837824995 0.6992511455696556
9230.19542896261 7.595929970321383 0.7305397081539725
9234.002730294222 6.683290576801112 0.7108010632383525
9237.809544669299 9.749332754334095 0.7663097605091395
9241.618803411982 6.134011691184472 0.6874718578522121
9245.427397109943 4.984901778722155 0.6847237792072669
9249.236841749733 6.290473639692566 0.7059139251466334
9253.045900108018 6.52247077275428 0.7232357364775315
9256.855859747164 7.977875245713466 0.7479024483439392
9260.666091531757 7.785020466538184 0.7551514258600363
9264.47827283755 8.930655647124606 0.7604381670571763
9268.287929528888 7.5491828412156705 0.7334782989106825
9272.099951139047 9.909452030449549 0.7733688556185189
9275.911400693378 7.771059880407612 0.7511317709250184
9279.72381745139 8.675096316004266 0.7588552044991388
9283.536581471597 6.900611799857024 0.7332766726665321
9287.35066760417 8.666603981339255 0.7604740375147491
9291.163433101485 7.912288656926282 0.766636113883749
9294.977471050996 8.031249686786854 0.7624681054476736
9298.791923426741 6.473697035727757 0.763792784895874
