3776.7 9.291e-17 4.010e-34
3802.3 1.112e-16 1.139e-32
3827.9 6.762e-17 1.092e-32
3853.4 7.355e-17 4.479e-34
3879.0 1.213e-16 4.785e-34
3904.6 1.277e-16 4.755e-33
3930.1 2.172e-16 6.107e-32
3955.7 2.019e-16 4.426e-33
3981.3 2.344e-16 3.105e-33
4006.8 2.607e-16 3.955e-33
4032.4 2.291e-16 3.111e-33
4058.0 1.559e-16 2.354e-33
4083.6 1.572e-16 2.369e-33
4109.1 2.052e-16 2.469e-33
4134.7 1.348e-16 2.541e-33
4160.3 7.277e-17 1.233e-33
4185.8 1.559e-16 1.794e-33
4211.4 1.763e-16 1.495e-33
4237.0 1.780e-16 1.371e-33
4262.6 1.487e-16 1.331e-33
4288.1 1.939e-16 8.572e-34
4313.7 1.962e-16 1.328e-33
4339.3 1.591e-16 1.228e-32
4364.8 2.051e-16 1.126e-33
4390.4 1.947e-16 1.326e-33
4416.0 2.162e-16 7.115e-33
4441.6 2.118e-16 7.639e-34
4467.1 1.910e-16 1.148e-33
4492.7 2.004e-16 5.763e-33
4518.3 2.243e-16 8.708e-34
4543.8 2.099e-16 7.268e-33
4569.4 1.857e-16 6.867e-34
4595.0 1.863e-16 5.264e-34
4620.5 1.635e-16 6.051e-34
4646.1 1.623e-16 7.623e-34
4671.7 1.349e-16 5.934e-34
4697.3 1.098e-16 5.687e-34
4722.8 1.172e-16 6.972e-34
4748.4 1.168e-16 7.151e-34
4774.0 1.240e-16 7.129e-34
4799.5 1.656e-16 5.728e-34
4825.1 1.498e-16 5.757e-34
4850.7 1.830e-16 2.474e-33
4876.3 1.642e-16 3.993e-33
4901.8 1.617e-16 5.690e-34
4927.4 1.783e-16 4.720e-34
4953.0 1.881e-16 5.289e-34
4978.5 1.448e-16 4.003e-33
5004.1 1.706e-16 4.121e-34
5029.7 1.650e-16 3.143e-33
5055.3 1.719e-16 3.372e-34
5080.8 1.714e-16 2.681e-33
5106.4 1.941e-16 3.269e-34
5132.0 1.755e-16 3.130e-33
5157.5 1.835e-16 3.112e-34
5183.1 1.899e-16 2.533e-33
5208.7 1.912e-16 2.857e-34
5234.2 1.795e-16 2.735e-33
5259.8 1.720e-16 2.105e-33
5285.4 1.960e-16 2.162e-33
5311.0 1.702e-16 2.733e-34
5336.5 1.817e-16 2.051e-33
5362.1 1.633e-16 2.659e-34
5387.7 1.758e-16 2.108e-33
5413.2 1.654e-16 2.267e-33
5438.8 1.592e-16 2.876e-34
5464.4 1.333e-16 2.600e-34
5490.0 1.420e-16 2.109e-34
5515.5 1.478e-16 1.547e-33
5541.1 1.842e-16 2.182e-33
5566.7 1.872e-16 4.129e-34
5592.2 1.643e-16 5.236e-33
5617.8 1.360e-16 5.425e-34
5643.4 1.369e-16 1.985e-34
5668.9 1.448e-16 1.940e-34
5694.5 1.659e-16 1.678e-33
5720.1 1.268e-16 1.764e-34
5745.7 1.486e-16 1.697e-33
5771.2 1.488e-16 2.206e-34
5796.8 1.650e-16 2.342e-34
5822.4 1.424e-16 2.284e-34
5847.9 1.474e-16 1.425e-33
5873.5 1.490e-16 1.148e-33
5899.1 1.285e-16 2.282e-34
5924.7 1.386e-16 2.097e-34
5950.2 1.263e-16 1.673e-34
5975.8 1.354e-16 1.516e-34
6001.4 1.308e-16 5.591e-34
6026.9 1.180e-16 1.781e-34
6052.5 1.105e-16 1.412e-34
6078.1 1.015e-16 1.443e-34
6103.7 1.189e-16 2.166e-34
6129.2 9.394e-17 1.091e-33
6154.8 9.088e-17 2.464e-34
6180.4 7.669e-17 1.189e-34
6205.9 8.090e-17 1.229e-34
6231.5 8.127e-17 8.678e-35
6257.1 8.216e-17 1.121e-34
6282.6 7.637e-17 1.225e-34
6308.2 7.666e-17 1.389e-34
6333.8 8.192e-17 1.448e-34
6359.4 9.993e-17 9.717e-34
6384.9 1.035e-16 1.279e-34
6410.5 1.178e-16 1.419e-34
6436.1 1.337e-16 1.237e-33
6461.6 1.487e-16 9.978e-34
6487.2 1.510e-16 9.869e-34
6512.8 1.549e-16 1.173e-33
6538.4 1.642e-16 1.088e-33
6563.9 1.580e-16 1.085e-33
6589.5 1.647e-16 1.119e-33
6615.1 1.870e-16 1.300e-33
6640.6 2.035e-16 1.469e-33
6666.2 2.022e-16 1.469e-33
6691.8 1.913e-16 9.445e-35
6717.4 1.632e-16 1.030e-33
6742.9 1.674e-16 1.181e-33
6768.5 1.686e-16 1.661e-34
6794.1 1.558e-16 7.817e-34
6819.6 1.331e-16 1.022e-33
6845.2 1.281e-16 9.295e-34
6870.8 1.394e-16 1.811e-34
6896.3 1.372e-16 3.013e-34
6921.9 1.146e-16 6.270e-34
6947.5 1.118e-16 7.710e-34
6973.1 1.141e-16 7.801e-34
6998.6 1.149e-16 8.923e-34
7024.2 1.114e-16 8.070e-34
7049.8 9.918e-17 7.857e-34
7075.3 9.324e-17 8.769e-35
7100.9 9.781e-17 7.691e-34
7126.5 1.018e-16 6.944e-34
7152.1 9.443e-17 5.020e-34
7177.6 1.034e-16 6.273e-34
7203.2 1.074e-16 9.089e-35
7228.8 1.057e-16 9.811e-35
7254.3 1.040e-16 5.472e-34
7279.9 1.061e-16 1.501e-34
7305.5 9.704e-17 1.680e-34
7331.1 8.568e-17 8.540e-34
7356.6 7.738e-17 1.058e-34
7382.2 7.551e-17 1.009e-34
7407.8 7.148e-17 6.991e-34
7433.3 6.702e-17 6.307e-35
7458.9 7.517e-17 6.252e-34
7484.5 8.916e-17 6.763e-34
7510.0 8.106e-17 7.102e-34
7535.6 6.810e-17 1.154e-34
7561.2 6.912e-17 7.859e-34
7586.8 7.471e-17 8.874e-34
7612.3 8.006e-17 9.961e-34
7637.9 8.317e-17 1.096e-34
7663.5 8.329e-17 1.020e-34
7689.0 8.147e-17 3.994e-34
7714.6 7.701e-17 5.329e-34
7740.2 8.689e-17 1.333e-34
7765.8 9.273e-17 1.296e-34
7791.3 8.826e-17 1.228e-34
7816.9 6.644e-17 4.749e-34
7842.5 5.817e-17 8.152e-35
7868.0 7.440e-17 7.216e-34
7893.6 7.996e-17 6.463e-34
7919.2 6.712e-17 5.635e-34
7944.7 7.394e-17 1.859e-34
7970.3 7.651e-17 5.978e-34
7995.9 5.890e-17 4.767e-34
8021.5 5.496e-17 3.357e-34
8047.0 6.025e-17 6.870e-34
8072.6 5.996e-17 6.436e-34
8098.2 5.511e-17 7.409e-34
8123.7 5.217e-17 5.584e-34
8149.3 5.540e-17 6.450e-34
8174.9 5.592e-17 6.304e-34
8200.5 5.238e-17 5.563e-34
8226.0 5.314e-17 4.535e-34
8251.6 4.801e-17 4.827e-34
8277.2 4.034e-17 4.618e-34
8302.7 3.929e-17 4.611e-34
8328.3 4.960e-17 6.294e-34
8353.9 5.433e-17 1.309e-34
8379.5 5.480e-17 1.767e-34
8405.0 5.476e-17 7.706e-34
8430.6 5.929e-17 1.334e-34
8456.2 6.277e-17 7.760e-34
8481.7 5.402e-17 5.837e-34
8507.3 4.996e-17 5.151e-34
8532.9 5.612e-17 4.108e-34
8558.4 6.274e-17 1.089e-34
8584.0 6.358e-17 4.645e-34
8609.6 5.515e-17 4.083e-34
8635.2 4.843e-17 6.453e-34
8660.7 5.351e-17 8.668e-34
8686.3 5.714e-17 6.118e-34
8711.9 6.240e-17 4.832e-34
8737.4 6.535e-17 9.122e-35
8763.0 6.444e-17 8.561e-35
8788.6 6.386e-17 1.222e-34
8814.2 6.473e-17 9.950e-35
8839.7 6.467e-17 8.741e-35
8865.3 6.098e-17 1.090e-34
8890.9 5.584e-17 1.092e-34
8916.4 5.509e-17 1.165e-34
8942.0 5.848e-17 1.231e-34
8967.6 6.408e-17 9.740e-35
8993.2 6.048e-17 4.139e-34
9018.7 5.154e-17 3.929e-34
9044.3 4.600e-17 3.755e-34
9069.9 5.114e-17 4.592e-34
9095.4 5.313e-17 9.902e-35
9121.0 4.986e-17 4.298e-34
9146.6 5.504e-17 3.041e-34
9172.1 5.654e-17 1.062e-34
9197.7 5.461e-17 1.204e-34
9223.3 5.746e-17 1.052e-34
